,CountryOrState,Date,confirmed,deaths,work,retail,residential,parks,transit,dDeaths,dDeaths_1,dDeaths_5,aWork,aRetail,aResidential,aParks,aTransit,adDeaths,adDeaths_1,mob_idx
1090,Connecticut,2020-03-31,3128,69,-51.0,-42.0,22.0,8.0,-51.0,33.0,2.0,2.0,-45.285714285714285,-37.57142857142857,16.142857142857142,20.571428571428573,-42.285714285714285,8.142857142857142,3.7142857142857144,-0.2857142857142847
1091,Connecticut,2020-04-01,3557,85,-51.0,-40.0,21.0,28.0,-49.0,16.0,33.0,6.0,-45.57142857142857,-40.285714285714285,17.285714285714285,11.0,-45.285714285714285,9.428571428571429,8.142857142857142,-4.0
1092,Connecticut,2020-04-02,3824,112,-51.0,-44.0,23.0,-3.0,-54.0,27.0,16.0,6.0,-46.0,-41.42857142857143,17.857142857142858,20.571428571428573,-46.42857142857143,13.0,9.428571428571429,-1.0
1093,Connecticut,2020-04-03,4914,131,-52.0,-46.0,26.0,-35.0,-59.0,19.0,27.0,1.0,-46.714285714285715,-42.857142857142854,18.428571428571427,26.714285714285715,-47.857142857142854,14.857142857142858,13.0,0.7619047619047628
1094,Connecticut,2020-04-04,5276,165,-38.0,-47.0,15.0,88.0,-53.0,34.0,19.0,2.0,-47.142857142857146,-44.285714285714285,19.0,16.571428571428573,-50.285714285714285,18.857142857142858,14.857142857142858,-2.9047619047619038
1095,Connecticut,2020-04-05,5675,189,-38.0,-50.0,13.0,23.0,-61.0,24.0,34.0,33.0,-47.142857142857146,-46.142857142857146,19.571428571428573,5.285714285714286,-52.57142857142857,22.142857142857142,18.857142857142858,-7.095238095238096
1096,Connecticut,2020-04-06,6906,206,-52.0,-39.0,21.0,60.0,-52.0,17.0,24.0,16.0,-47.57142857142857,-45.57142857142857,19.571428571428573,11.0,-52.57142857142857,24.285714285714285,22.142857142857142,-4.999999999999999
1097,Connecticut,2020-04-07,7781,277,-53.0,-41.0,22.0,42.0,-50.0,71.0,17.0,27.0,-47.857142857142854,-45.42857142857143,19.714285714285715,9.714285714285714,-53.285714285714285,29.714285714285715,24.285714285714285,-5.333333333333333
1098,Connecticut,2020-04-08,7781,326,-54.0,-46.0,23.0,-3.0,-54.0,49.0,71.0,19.0,-48.285714285714285,-44.57142857142857,19.571428571428573,16.714285714285715,-53.0,34.42857142857143,29.714285714285715,-2.7619047619047605
1099,Connecticut,2020-04-09,9784,380,-55.0,-48.0,25.0,-32.0,-59.0,54.0,49.0,34.0,-48.857142857142854,-45.0,19.857142857142858,8.428571428571429,-53.857142857142854,38.285714285714285,34.42857142857143,-5.571428571428572
1100,Connecticut,2020-04-10,10538,448,-62.0,-45.0,28.0,-10.0,-59.0,68.0,54.0,24.0,-50.285714285714285,-45.57142857142857,20.428571428571427,-4.428571428571429,-55.0,45.285714285714285,38.285714285714285,-9.857142857142856
1101,Connecticut,2020-04-11,11510,494,-40.0,-44.0,15.0,76.0,-54.0,46.0,68.0,17.0,-50.57142857142857,-45.42857142857143,20.428571428571427,4.0,-54.714285714285715,47.0,45.285714285714285,-7.000000000000001
1102,Connecticut,2020-04-12,12035,554,-45.0,-65.0,13.0,25.0,-62.0,60.0,46.0,71.0,-51.57142857142857,-44.57142857142857,20.142857142857142,14.714285714285714,-54.285714285714285,52.142857142857146,47.0,-3.2380952380952377
1103,Connecticut,2020-04-13,13381,602,-56.0,-57.0,26.0,-52.0,-66.0,48.0,60.0,49.0,-52.142857142857146,-44.0,20.142857142857142,24.142857142857142,-54.142857142857146,56.57142857142857,52.142857142857146,0.0952380952380949
1104,Connecticut,2020-04-14,13989,671,-52.0,-39.0,21.0,35.0,-50.0,69.0,48.0,54.0,-52.0,-43.857142857142854,20.142857142857142,29.0,-54.0,56.285714285714285,56.57142857142857,1.7619047619047628
1105,Connecticut,2020-04-15,14755,868,-52.0,-36.0,22.0,20.0,-52.0,197.0,69.0,68.0,-51.714285714285715,-44.714285714285715,20.428571428571427,24.571428571428573,-54.714285714285715,77.42857142857143,56.285714285714285,0.0952380952380949
1106,Connecticut,2020-04-16,15884,971,-52.0,-40.0,23.0,8.0,-53.0,103.0,197.0,46.0,-51.285714285714285,-45.285714285714285,20.714285714285715,20.428571428571427,-55.42857142857143,84.42857142857143,77.42857142857143,-1.3809523809523807
1107,Connecticut,2020-04-17,16809,1036,-51.0,-42.0,24.0,5.0,-55.0,65.0,103.0,60.0,-49.714285714285715,-45.142857142857146,21.0,24.0,-55.42857142857143,84.0,84.42857142857143,-0.047619047619048636
1108,Connecticut,2020-04-18,17550,1086,-38.0,-51.0,17.0,-12.0,-59.0,50.0,65.0,48.0,-49.42857142857143,-44.714285714285715,21.0,22.285714285714285,-55.57142857142857,84.57142857142857,84.0,-0.4761904761904769
1109,Connecticut,2020-04-19,17962,1127,-34.0,-41.0,11.0,73.0,-55.0,41.0,50.0,69.0,-47.857142857142854,-46.857142857142854,21.0,22.571428571428573,-55.714285714285715,81.85714285714286,84.57142857142857,-1.0952380952380938
1110,Connecticut,2020-04-20,19815,1331,-50.0,-39.0,21.0,17.0,-52.0,204.0,41.0,197.0,-47.0,-49.42857142857143,21.714285714285715,6.571428571428571,-57.714285714285715,104.14285714285714,81.85714285714286,-7.047619047619048
1111,Connecticut,2020-04-21,20360,1423,-52.0,-46.0,24.0,-28.0,-55.0,92.0,204.0,103.0,-47.0,-49.142857142857146,21.571428571428573,5.571428571428571,-57.714285714285715,107.42857142857143,104.14285714285714,-7.333333333333333
1112,Connecticut,2020-04-22,22469,1544,-52.0,-40.0,22.0,5.0,-51.0,121.0,92.0,65.0,-47.0,-47.714285714285715,21.428571428571427,8.857142857142858,-57.42857142857143,96.57142857142857,107.42857142857143,-5.80952380952381
1113,Connecticut,2020-04-23,23100,1639,-51.0,-41.0,22.0,1.0,-52.0,95.0,121.0,50.0,-46.857142857142854,-46.57142857142857,21.142857142857142,14.571428571428571,-56.57142857142857,95.42857142857143,96.57142857142857,-3.6190476190476186
1114,Connecticut,2020-04-24,23936,1767,-51.0,-45.0,26.0,-33.0,-58.0,128.0,95.0,41.0,-46.857142857142854,-46.142857142857146,20.571428571428573,16.714285714285715,-56.0,104.42857142857143,95.42857142857143,-2.9523809523809526
1115,Connecticut,2020-04-25,24583,1865,-33.0,-37.0,11.0,174.0,-44.0,98.0,128.0,204.0,-46.142857142857146,-47.142857142857146,20.857142857142858,4.142857142857143,-56.714285714285715,111.28571428571429,104.42857142857143,-7.380952380952382
1116,Connecticut,2020-04-26,25269,1924,-36.0,-50.0,14.0,-41.0,-63.0,59.0,98.0,92.0,-46.42857142857143,-43.714285714285715,20.571428571428573,11.0,-55.714285714285715,113.85714285714286,111.28571428571429,-4.0476190476190474
1117,Connecticut,2020-04-27,25997,2012,-49.0,-40.0,22.0,-18.0,-54.0,88.0,59.0,121.0,-46.285714285714285,-41.142857142857146,19.857142857142858,20.857142857142858,-53.714285714285715,97.28571428571429,113.85714285714286,-0.14285714285714354
1118,Connecticut,2020-04-28,26312,2087,-50.0,-33.0,14.0,55.0,-45.0,75.0,88.0,95.0,-46.0,-42.142857142857146,20.285714285714285,11.857142857142858,-54.42857142857143,94.85714285714286,97.28571428571429,-3.3333333333333344
1119,Connecticut,2020-04-29,26767,2169,-51.0,-37.0,21.0,19.0,-48.0,82.0,75.0,128.0,-45.857142857142854,-42.714285714285715,20.285714285714285,9.714285714285714,-54.285714285714285,89.28571428571429,94.85714285714286,-4.238095238095239
1120,Connecticut,2020-04-30,27700,2257,-51.0,-42.0,23.0,-24.0,-55.0,88.0,82.0,98.0,-45.857142857142854,-42.857142857142854,20.142857142857142,8.714285714285714,-54.142857142857146,88.28571428571429,89.28571428571429,-4.666666666666666
1121,Connecticut,2020-05-01,28764,2339,-48.0,-37.0,23.0,11.0,-51.0,82.0,88.0,59.0,-45.42857142857143,-43.285714285714285,20.428571428571427,3.2857142857142856,-54.57142857142857,81.71428571428571,88.28571428571429,-6.523809523809525
1122,Connecticut,2020-05-02,29287,2436,-30.0,-32.0,10.0,180.0,-39.0,97.0,82.0,88.0,-45.0,-41.285714285714285,19.571428571428573,29.857142857142858,-52.42857142857143,81.57142857142857,81.71428571428571,2.7142857142857153
1123,Connecticut,2020-05-03,29287,2436,-28.0,-30.0,8.0,116.0,-44.0,0.0,97.0,75.0,-43.857142857142854,-42.57142857142857,20.0,13.571428571428571,-53.57142857142857,73.14285714285714,81.57142857142857,-2.9999999999999996
1124,Connecticut,2020-05-04,29973,2556,-48.0,-30.0,19.0,34.0,-48.0,120.0,0.0,82.0,-43.714285714285715,-42.714285714285715,20.142857142857142,8.571428571428571,-53.857142857142854,77.71428571428571,73.14285714285714,-4.666666666666667
1125,Connecticut,2020-05-05,30621,2633,-48.0,-27.0,18.0,46.0,-43.0,77.0,120.0,88.0,-43.42857142857143,-40.857142857142854,18.714285714285715,20.428571428571427,-52.42857142857143,78.0,77.71428571428571,-0.5714285714285706
1126,Connecticut,2020-05-06,30995,2718,-49.0,-35.0,20.0,4.0,-47.0,85.0,77.0,82.0,-43.142857142857146,-40.42857142857143,18.571428571428573,22.428571428571427,-52.0,78.42857142857143,78.0,0.1904761904761898
1127,Connecticut,2020-05-07,31784,2797,-48.0,-31.0,19.0,63.0,-44.0,79.0,85.0,97.0,-42.714285714285715,-40.57142857142857,18.714285714285715,18.857142857142858,-52.42857142857143,77.14285714285714,78.42857142857143,-0.9999999999999988
1128,Connecticut,2020-05-08,32411,2874,-47.0,-37.0,22.0,-6.0,-51.0,77.0,79.0,0.0,-42.57142857142857,-39.42857142857143,18.285714285714285,25.142857142857142,-51.42857142857143,76.42857142857143,77.14285714285714,1.3333333333333321
1129,Connecticut,2020-05-09,32984,2932,-30.0,-35.0,12.0,37.0,-48.0,58.0,77.0,120.0,-42.57142857142857,-38.714285714285715,18.142857142857142,26.0,-50.714285714285715,70.85714285714286,76.42857142857143,1.809523809523809
1130,Connecticut,2020-05-10,33554,2967,-26.0,-29.0,8.0,61.0,-46.0,35.0,58.0,77.0,-42.285714285714285,-35.857142857142854,17.285714285714285,48.42857142857143,-48.0,75.85714285714286,70.85714285714286,9.952380952380954
1131,Connecticut,2020-05-11,33765,3008,-46.0,-35.0,19.0,7.0,-47.0,41.0,35.0,85.0,-42.0,-34.42857142857143,16.857142857142858,55.857142857142854,-47.142857142857146,64.57142857142857,75.85714285714286,12.76190476190476
1132,Connecticut,2020-05-12,34333,3041,-46.0,-30.0,18.0,44.0,-42.0,33.0,41.0,79.0,-41.714285714285715,-33.57142857142857,17.428571428571427,54.57142857142857,-46.857142857142854,58.285714285714285,64.57142857142857,12.80952380952381
1133,Connecticut,2020-05-13,34855,3125,-46.0,-29.0,18.0,58.0,-40.0,84.0,33.0,77.0,-41.285714285714285,-33.285714285714285,17.285714285714285,52.42857142857143,-46.714285714285715,58.142857142857146,58.285714285714285,12.142857142857144
1134,Connecticut,2020-05-14,35464,3219,-46.0,-29.0,18.0,74.0,-40.0,94.0,84.0,58.0,-41.0,-31.714285714285715,16.714285714285715,64.85714285714286,-45.142857142857146,60.285714285714285,58.142857142857146,16.61904761904762
1135,Connecticut,2020-05-15,36085,3285,-45.0,-31.0,20.0,61.0,-45.0,66.0,94.0,35.0,-40.714285714285715,-31.714285714285715,16.571428571428573,62.42857142857143,-45.142857142857146,58.714285714285715,60.285714285714285,15.761904761904765
1136,Connecticut,2020-05-16,36703,3339,-26.0,-29.0,8.0,193.0,-36.0,54.0,66.0,41.0,-40.142857142857146,-32.142857142857146,16.857142857142858,42.0,-46.42857142857143,58.142857142857146,58.714285714285715,8.904761904761903
1137,Connecticut,2020-05-17,37419,3408,-24.0,-29.0,8.0,94.0,-44.0,69.0,54.0,33.0,-39.857142857142854,-32.0,16.857142857142858,34.142857142857146,-46.714285714285715,63.0,58.142857142857146,6.333333333333335
1138,Connecticut,2020-05-18,38116,3450,-44.0,-26.0,17.0,40.0,-43.0,42.0,69.0,84.0,-39.57142857142857,-32.714285714285715,16.857142857142858,30.285714285714285,-46.57142857142857,63.142857142857146,63.0,4.809523809523809
1139,Connecticut,2020-05-19,38430,3472,-44.0,-25.0,17.0,53.0,-39.0,22.0,42.0,94.0,-39.285714285714285,-33.142857142857146,16.857142857142858,30.0,-46.42857142857143,61.57142857142857,63.142857142857146,4.57142857142857
1140,Connecticut,2020-05-20,39017,3529,-44.0,-21.0,17.0,74.0,-34.0,57.0,22.0,66.0,-39.0,-32.285714285714285,16.571428571428573,37.714285714285715,-45.42857142857143,57.714285714285715,61.57142857142857,7.333333333333335
1141,Connecticut,2020-05-21,39208,3583,-44.0,-22.0,17.0,84.0,-34.0,54.0,57.0,54.0,-38.714285714285715,-32.0,16.428571428571427,39.285714285714285,-44.857142857142854,52.0,57.714285714285715,7.904761904761904
1142,Connecticut,2020-05-22,39640,3637,-43.0,-23.0,17.0,92.0,-35.0,54.0,54.0,69.0,-38.42857142857143,-31.142857142857142,16.142857142857142,48.857142857142854,-44.0,50.285714285714285,52.0,11.285714285714285
1143,Connecticut,2020-05-23,40022,3675,-25.0,-32.0,11.0,43.0,-39.0,38.0,54.0,42.0,-38.285714285714285,-30.285714285714285,15.571428571428571,71.14285714285714,-42.285714285714285,48.0,50.285714285714285,18.809523809523807
1144,Connecticut,2020-05-24,40468,3693,-20.0,-20.0,5.0,137.0,-33.0,18.0,38.0,22.0,-37.714285714285715,-30.285714285714285,15.571428571428571,75.85714285714286,-42.0,40.714285714285715,48.0,20.380952380952383
1145,Connecticut,2020-05-25,40873,3742,-74.0,-29.0,23.0,94.0,-50.0,49.0,18.0,57.0,-42.0,-29.0,15.285714285714286,80.57142857142857,-41.42857142857143,41.714285714285715,40.714285714285715,22.28571428571429
1146,Connecticut,2020-05-26,41303,3769,-42.0,-23.0,16.0,76.0,-33.0,27.0,49.0,54.0,-41.714285714285715,-28.285714285714285,15.142857142857142,81.85714285714286,-41.0,42.42857142857143,41.714285714285715,22.90476190476191
1147,Connecticut,2020-05-27,41288,3803,-42.0,-20.0,15.0,87.0,-33.0,34.0,27.0,54.0,-41.42857142857143,-27.142857142857142,15.0,84.14285714285714,-40.142857142857146,39.142857142857146,42.42857142857143,24.0
1148,Connecticut,2020-05-28,41559,3826,-41.0,-24.0,17.0,29.0,-37.0,23.0,34.0,38.0,-41.0,-26.142857142857142,14.857142857142858,85.57142857142857,-39.285714285714285,34.714285714285715,39.142857142857146,24.76190476190476
1149,Connecticut,2020-05-29,41762,3868,-40.0,-26.0,18.0,44.0,-38.0,42.0,23.0,18.0,-40.57142857142857,-25.0,14.428571428571429,90.0,-37.857142857142854,33.0,34.714285714285715,26.476190476190478
1150,Connecticut,2020-05-30,42022,3912,-13.0,-21.0,6.0,193.0,-26.0,44.0,42.0,49.0,-38.857142857142854,-25.428571428571427,14.857142857142858,68.57142857142857,-38.285714285714285,33.857142857142854,33.0,19.333333333333332
1151,Connecticut,2020-05-31,42201,3944,-11.0,-18.0,5.0,125.0,-29.0,32.0,44.0,27.0,-37.57142857142857,-24.142857142857142,14.428571428571429,74.71428571428571,-36.714285714285715,35.857142857142854,33.857142857142854,21.666666666666668
1152,Connecticut,2020-06-01,42740,3970,-39.0,-14.0,14.0,60.0,-33.0,26.0,32.0,34.0,-32.57142857142857,-24.571428571428573,15.285714285714286,82.42857142857143,-37.714285714285715,32.57142857142857,35.857142857142854,24.38095238095238
1153,Connecticut,2020-06-02,42979,3972,-40.0,-17.0,15.0,52.0,-32.0,2.0,26.0,23.0,-32.285714285714285,-24.285714285714285,15.142857142857142,85.71428571428571,-36.857142857142854,29.0,32.57142857142857,25.523809523809522
1154,Connecticut,2020-06-03,43091,3989,-40.0,-15.0,15.0,57.0,-31.0,17.0,2.0,42.0,-32.0,-24.142857142857142,14.857142857142858,87.57142857142857,-36.714285714285715,26.571428571428573,29.0,26.09523809523809
1155,Connecticut,2020-06-04,43239,4007,-39.0,-14.0,14.0,96.0,-30.0,18.0,17.0,44.0,-31.714285714285715,-24.428571428571427,14.857142857142858,79.71428571428571,-37.142857142857146,25.857142857142858,26.571428571428573,23.38095238095238
1156,Connecticut,2020-06-05,43460,4038,-39.0,-20.0,16.0,33.0,-36.0,31.0,18.0,32.0,-31.571428571428573,-24.857142857142858,15.0,72.85714285714286,-37.57142857142857,24.285714285714285,25.857142857142858,21.0
1157,Connecticut,2020-06-06,43818,4055,-13.0,-17.0,6.0,169.0,-25.0,17.0,31.0,26.0,-31.571428571428573,-23.285714285714285,14.285714285714286,94.28571428571429,-35.714285714285715,20.428571428571427,24.285714285714285,28.42857142857143
1158,Connecticut,2020-06-07,43968,4071,-12.0,-13.0,4.0,141.0,-27.0,16.0,17.0,2.0,-31.714285714285715,-23.0,14.285714285714286,92.57142857142857,-35.142857142857146,18.142857142857142,20.428571428571427,27.952380952380953
1159,Connecticut,2020-06-08,44092,4084,-38.0,-10.0,13.0,100.0,-29.0,13.0,16.0,17.0,-31.571428571428573,-20.857142857142858,13.0,87.71428571428571,-32.714285714285715,16.285714285714285,18.142857142857142,26.619047619047617
1160,Connecticut,2020-06-09,44179,4097,-38.0,-11.0,13.0,95.0,-28.0,13.0,13.0,18.0,-31.285714285714285,-20.0,12.857142857142858,84.28571428571429,-32.57142857142857,17.857142857142858,16.285714285714285,25.71428571428572
1161,Connecticut,2020-06-10,44347,4120,-39.0,-11.0,13.0,91.0,-27.0,23.0,13.0,31.0,-31.142857142857142,-19.285714285714285,12.857142857142858,80.0,-32.285714285714285,18.714285714285715,17.857142857142858,24.523809523809522
1162,Connecticut,2020-06-11,44461,4146,-39.0,-20.0,16.0,15.0,-33.0,26.0,23.0,17.0,-31.142857142857142,-17.857142857142858,12.428571428571429,89.57142857142857,-31.285714285714285,19.857142857142858,18.714285714285715,28.047619047619047
1163,Connecticut,2020-06-12,44689,4159,-37.0,-14.0,13.0,113.0,-26.0,13.0,26.0,16.0,-30.857142857142858,-17.0,12.142857142857142,88.0,-31.0,17.285714285714285,19.857142857142858,27.71428571428571
1164,Connecticut,2020-06-13,44994,4186,-10.0,-14.0,4.0,234.0,-14.0,27.0,13.0,13.0,-30.428571428571427,-16.428571428571427,12.142857142857142,84.57142857142857,-30.857142857142858,18.714285714285715,17.285714285714285,26.76190476190476
1165,Connecticut,2020-06-14,45088,4201,-9.0,-12.0,3.0,146.0,-17.0,15.0,27.0,13.0,-30.0,-15.714285714285714,12.0,86.85714285714286,-30.571428571428573,18.571428571428573,18.714285714285715,27.71428571428572
