,CountryOrState,Date,confirmed,deaths,work,retail,residential,parks,transit,dDeaths,dDeaths_1,dDeaths_5,aWork,aRetail,aResidential,aParks,aTransit,adDeaths,adDeaths_1,mob_idx
4891,New Hampshire,2020-04-05,621,9,-37.0,-48.0,11.0,15.0,-57.0,2.0,2.0,0.0,-44.285714285714285,-42.57142857142857,17.571428571428573,5.142857142857143,-43.57142857142857,1.0,0.7142857142857143,-6.619047619047618
4892,New Hampshire,2020-04-06,715,9,-48.0,-36.0,19.0,74.0,-46.0,0.0,2.0,0.0,-44.57142857142857,-43.285714285714285,18.0,4.0,-45.285714285714285,0.8571428571428571,1.0,-7.095238095238095
4893,New Hampshire,2020-04-07,715,9,-49.0,-38.0,20.0,63.0,-42.0,0.0,0.0,0.0,-44.857142857142854,-42.857142857142854,17.857142857142858,9.285714285714286,-46.0,0.8571428571428571,0.8571428571428571,-5.238095238095236
4894,New Hampshire,2020-04-08,747,13,-50.0,-40.0,22.0,17.0,-46.0,4.0,0.0,2.0,-45.142857142857146,-43.0,18.0,11.285714285714286,-46.714285714285715,1.4285714285714286,0.8571428571428571,-4.571428571428571
4895,New Hampshire,2020-04-09,819,21,-50.0,-47.0,24.0,-31.0,-53.0,8.0,4.0,2.0,-45.42857142857143,-44.42857142857143,18.571428571428573,-1.2857142857142858,-48.714285714285715,2.5714285714285716,1.4285714285714286,-9.047619047619047
4896,New Hampshire,2020-04-10,819,21,-51.0,-43.0,25.0,-20.0,-58.0,0.0,8.0,2.0,-45.857142857142854,-45.857142857142854,19.285714285714285,-13.142857142857142,-50.285714285714285,2.2857142857142856,2.5714285714285716,-13.238095238095235
4897,New Hampshire,2020-04-11,885,22,-37.0,-42.0,13.0,4.0,-51.0,1.0,0.0,0.0,-46.0,-45.42857142857143,19.428571428571427,-14.142857142857142,-50.285714285714285,2.142857142857143,2.2857142857142856,-13.380952380952381
4898,New Hampshire,2020-04-12,929,23,-46.0,-65.0,12.0,25.0,-61.0,1.0,1.0,0.0,-47.285714285714285,-44.0,19.142857142857142,-3.0,-49.42857142857143,2.0,2.142857142857143,-9.285714285714286
4899,New Hampshire,2020-04-13,985,23,-50.0,-46.0,22.0,-40.0,-59.0,0.0,1.0,4.0,-47.57142857142857,-43.0,19.0,11.285714285714286,-48.857142857142854,2.0,2.0,-4.238095238095238
4900,New Hampshire,2020-04-14,922,25,-48.0,-35.0,20.0,54.0,-44.0,2.0,0.0,8.0,-47.42857142857143,-42.857142857142854,19.0,16.0,-49.0,2.2857142857142856,2.0,-2.619047619047618
4901,New Hampshire,2020-04-15,1139,32,-48.0,-31.0,21.0,26.0,-47.0,7.0,2.0,0.0,-47.142857142857146,-43.0,19.142857142857142,17.142857142857142,-49.714285714285715,2.7142857142857144,2.2857142857142856,-2.2380952380952386
4902,New Hampshire,2020-04-16,1139,32,-48.0,-36.0,22.0,14.0,-48.0,0.0,7.0,1.0,-46.857142857142854,-43.42857142857143,19.285714285714285,16.714285714285715,-50.142857142857146,1.5714285714285714,2.7142857142857144,-2.4761904761904767
4903,New Hampshire,2020-04-17,1287,37,-47.0,-39.0,23.0,8.0,-56.0,5.0,0.0,1.0,-46.285714285714285,-42.857142857142854,19.285714285714285,19.428571428571427,-50.142857142857146,2.2857142857142856,1.5714285714285714,-1.3809523809523807
4904,New Hampshire,2020-04-18,1342,38,-37.0,-49.0,15.0,-37.0,-58.0,1.0,5.0,0.0,-46.285714285714285,-42.0,19.142857142857142,17.428571428571427,-50.42857142857143,2.2857142857142856,2.2857142857142856,-1.8095238095238102
4905,New Hampshire,2020-04-19,1390,38,-33.0,-37.0,9.0,82.0,-45.0,0.0,1.0,2.0,-44.42857142857143,-44.42857142857143,19.285714285714285,18.857142857142858,-51.0,2.142857142857143,2.2857142857142856,-2.0952380952380962
4906,New Hampshire,2020-04-20,1447,42,-47.0,-32.0,19.0,47.0,-49.0,4.0,0.0,7.0,-44.0,-45.857142857142854,19.714285714285715,2.5714285714285716,-52.857142857142854,2.7142857142857144,2.142857142857143,-7.857142857142855
4907,New Hampshire,2020-04-21,1490,42,-48.0,-38.0,21.0,-5.0,-49.0,0.0,4.0,0.0,-44.0,-45.42857142857143,19.714285714285715,1.2857142857142858,-53.142857142857146,2.4285714285714284,2.7142857142857144,-8.142857142857144
4908,New Hampshire,2020-04-22,1588,48,-48.0,-35.0,21.0,-5.0,-51.0,6.0,0.0,5.0,-44.0,-44.142857142857146,19.571428571428573,2.5714285714285716,-53.285714285714285,2.2857142857142856,2.4285714285714284,-7.333333333333333
4909,New Hampshire,2020-04-23,1670,51,-46.0,-33.0,20.0,68.0,-43.0,3.0,6.0,1.0,-43.714285714285715,-42.57142857142857,19.285714285714285,9.0,-52.57142857142857,2.7142857142857144,2.2857142857142856,-4.761904761904762
4910,New Hampshire,2020-04-24,1720,53,-46.0,-39.0,23.0,-2.0,-57.0,2.0,3.0,0.0,-43.57142857142857,-42.0,19.0,13.0,-52.285714285714285,2.2857142857142856,2.7142857142857144,-3.3333333333333335
4911,New Hampshire,2020-04-25,1797,53,-33.0,-37.0,10.0,90.0,-39.0,0.0,2.0,4.0,-43.0,-43.0,19.285714285714285,7.142857142857143,-53.285714285714285,2.142857142857143,2.2857142857142856,-5.523809523809525
4912,New Hampshire,2020-04-26,1864,60,-35.0,-41.0,11.0,-15.0,-58.0,7.0,0.0,0.0,-43.285714285714285,-39.0,18.857142857142858,15.285714285714286,-51.0,3.142857142857143,2.142857142857143,-1.6190476190476186
4913,New Hampshire,2020-04-27,1938,60,-47.0,-37.0,21.0,-33.0,-55.0,0.0,7.0,6.0,-43.285714285714285,-37.0,18.428571428571427,27.714285714285715,-49.57142857142857,2.5714285714285716,3.142857142857143,3.0476190476190474
4914,New Hampshire,2020-04-28,2010,60,-47.0,-30.0,14.0,40.0,-43.0,0.0,0.0,3.0,-43.142857142857146,-37.42857142857143,18.571428571428573,19.285714285714285,-50.285714285714285,2.5714285714285716,2.5714285714285716,0.14285714285714235
4915,New Hampshire,2020-04-29,2058,60,-47.0,-26.0,19.0,75.0,-37.0,0.0,0.0,2.0,-43.0,-38.0,18.571428571428573,14.857142857142858,-50.857142857142854,1.7142857142857142,2.5714285714285716,-1.523809523809523
4916,New Hampshire,2020-04-30,2146,72,-46.0,-35.0,21.0,-10.0,-42.0,12.0,0.0,0.0,-43.0,-37.57142857142857,18.285714285714285,22.571428571428573,-50.142857142857146,3.0,1.7142857142857142,1.095238095238096
4917,New Hampshire,2020-05-01,2310,81,-46.0,-35.0,23.0,3.0,-49.0,9.0,12.0,7.0,-43.0,-37.57142857142857,18.285714285714285,21.142857142857142,-50.285714285714285,4.0,3.0,0.6190476190476192
4918,New Hampshire,2020-05-02,2429,84,-30.0,-32.0,9.0,80.0,-33.0,3.0,9.0,0.0,-42.57142857142857,-35.857142857142854,17.571428571428573,39.285714285714285,-47.57142857142857,4.428571428571429,4.0,7.000000000000001
4919,New Hampshire,2020-05-03,2518,86,-29.0,-25.0,6.0,106.0,-35.0,2.0,3.0,0.0,-41.714285714285715,-36.42857142857143,17.857142857142858,25.428571428571427,-49.42857142857143,3.7142857142857144,4.428571428571429,2.2857142857142847
4920,New Hampshire,2020-05-04,2588,86,-44.0,-22.0,17.0,52.0,-39.0,0.0,2.0,0.0,-41.285714285714285,-37.142857142857146,18.142857142857142,14.0,-50.285714285714285,3.7142857142857144,3.7142857142857144,-1.6666666666666679
4921,New Hampshire,2020-05-05,2636,92,-44.0,-22.0,18.0,57.0,-33.0,6.0,0.0,12.0,-40.857142857142854,-36.0,17.142857142857142,20.428571428571427,-49.42857142857143,4.571428571428571,3.7142857142857144,0.5238095238095232
4922,New Hampshire,2020-05-06,2741,92,-44.0,-24.0,18.0,56.0,-35.0,0.0,6.0,9.0,-40.42857142857143,-34.714285714285715,16.857142857142858,31.857142857142858,-47.42857142857143,4.571428571428571,4.571428571428571,4.666666666666667
4923,New Hampshire,2020-05-07,2843,114,-43.0,-25.0,18.0,91.0,-33.0,22.0,0.0,3.0,-40.0,-35.0,17.0,20.714285714285715,-47.285714285714285,6.0,4.571428571428571,0.9047619047619051
4924,New Hampshire,2020-05-08,2947,121,-43.0,-30.0,20.0,43.0,-42.0,7.0,22.0,2.0,-39.57142857142857,-34.42857142857143,17.0,21.428571428571427,-46.142857142857146,5.714285714285714,6.0,1.3333333333333321
4925,New Hampshire,2020-05-09,3011,131,-30.0,-36.0,12.0,-27.0,-45.0,10.0,7.0,0.0,-39.57142857142857,-33.714285714285715,16.857142857142858,20.0,-45.285714285714285,6.714285714285714,5.714285714285714,1.0476190476190474
4926,New Hampshire,2020-05-10,3071,133,-27.0,-28.0,7.0,26.0,-36.0,2.0,10.0,6.0,-39.285714285714285,-31.428571428571427,16.142857142857142,37.285714285714285,-42.0,6.714285714285714,6.714285714285714,7.333333333333333
4927,New Hampshire,2020-05-11,3160,133,-42.0,-27.0,17.0,25.0,-35.0,0.0,2.0,0.0,-39.0,-29.285714285714285,15.571428571428571,49.42857142857143,-39.714285714285715,6.714285714285714,6.714285714285714,11.904761904761905
4928,New Hampshire,2020-05-12,3239,142,-42.0,-23.0,17.0,62.0,-27.0,9.0,0.0,22.0,-38.714285714285715,-28.142857142857142,16.142857142857142,51.857142857142854,-38.285714285714285,7.142857142857143,6.714285714285714,13.285714285714285
4929,New Hampshire,2020-05-13,3299,150,-42.0,-19.0,17.0,72.0,-28.0,8.0,9.0,7.0,-38.42857142857143,-27.857142857142858,16.0,49.142857142857146,-38.0,8.285714285714286,7.142857142857143,12.42857142857143
4930,New Hampshire,2020-05-14,3382,151,-42.0,-20.0,16.0,136.0,-26.0,1.0,8.0,10.0,-38.285714285714285,-26.428571428571427,15.571428571428571,63.57142857142857,-36.714285714285715,5.285714285714286,8.285714285714286,17.571428571428573
4931,New Hampshire,2020-05-15,3453,151,-42.0,-27.0,19.0,55.0,-38.0,0.0,1.0,2.0,-38.142857142857146,-25.714285714285715,15.142857142857142,69.28571428571429,-35.714285714285715,4.285714285714286,5.285714285714286,19.571428571428573
4932,New Hampshire,2020-05-16,3556,171,-25.0,-25.0,7.0,99.0,-22.0,20.0,0.0,0.0,-37.42857142857143,-26.285714285714285,15.571428571428571,54.0,-37.42857142857143,5.714285714285714,4.285714285714286,14.428571428571429
4933,New Hampshire,2020-05-17,3596,172,-23.0,-22.0,6.0,91.0,-25.0,1.0,20.0,9.0,-36.857142857142854,-26.714285714285715,15.714285714285714,42.57142857142857,-37.57142857142857,5.571428571428571,5.714285714285714,10.523809523809524
4934,New Hampshire,2020-05-18,3652,172,-40.0,-15.0,15.0,73.0,-27.0,0.0,1.0,8.0,-36.57142857142857,-27.428571428571427,15.714285714285714,38.714285714285715,-37.0,5.571428571428571,5.571428571428571,9.0
4935,New Hampshire,2020-05-19,3721,172,-40.0,-13.0,15.0,98.0,-23.0,0.0,0.0,1.0,-36.285714285714285,-27.571428571428573,15.571428571428571,39.42857142857143,-36.142857142857146,4.285714285714286,5.571428571428571,9.142857142857144
4936,New Hampshire,2020-05-20,3868,190,-40.0,-9.0,15.0,111.0,-22.0,18.0,0.0,0.0,-36.0,-26.857142857142858,15.428571428571429,41.714285714285715,-35.142857142857146,5.714285714285714,4.285714285714286,10.095238095238095
4937,New Hampshire,2020-05-21,3935,199,-40.0,-8.0,15.0,157.0,-20.0,9.0,18.0,20.0,-35.714285714285715,-26.142857142857142,15.142857142857142,48.142857142857146,-34.142857142857146,6.857142857142857,5.714285714285714,12.380952380952381
4938,New Hampshire,2020-05-22,4014,204,-42.0,-12.0,15.0,177.0,-22.0,5.0,9.0,1.0,-35.714285714285715,-25.714285714285715,15.0,49.857142857142854,-33.57142857142857,7.571428571428571,6.857142857142857,13.047619047619046
4939,New Hampshire,2020-05-23,4089,208,-23.0,-19.0,6.0,129.0,-13.0,4.0,5.0,0.0,-35.42857142857143,-24.142857142857142,14.285714285714286,67.85714285714286,-30.285714285714285,5.285714285714286,7.571428571428571,19.333333333333336
4940,New Hampshire,2020-05-24,4149,209,-22.0,-9.0,3.0,170.0,-12.0,1.0,4.0,0.0,-35.285714285714285,-23.285714285714285,14.142857142857142,77.14285714285714,-28.714285714285715,5.285714285714286,5.285714285714286,22.666666666666668
4941,New Hampshire,2020-05-25,4197,210,-75.0,-8.0,21.0,181.0,-31.0,1.0,1.0,18.0,-40.285714285714285,-21.571428571428573,13.857142857142858,84.0,-27.571428571428573,5.428571428571429,5.285714285714286,25.428571428571427
4942,New Hampshire,2020-05-26,4231,214,-39.0,-10.0,14.0,122.0,-16.0,4.0,1.0,9.0,-40.142857142857146,-20.142857142857142,13.571428571428571,89.14285714285714,-27.0,6.0,5.428571428571429,27.523809523809522
4943,New Hampshire,2020-05-27,4286,223,-39.0,-8.0,14.0,127.0,-19.0,9.0,4.0,5.0,-40.0,-18.714285714285715,13.285714285714286,94.71428571428571,-26.142857142857142,4.714285714285714,6.0,29.76190476190476
4944,New Hampshire,2020-05-28,4389,232,-37.0,-9.0,15.0,121.0,-19.0,9.0,9.0,4.0,-39.57142857142857,-17.0,13.142857142857142,97.71428571428571,-25.285714285714285,4.714285714285714,4.714285714285714,31.28571428571428
4945,New Hampshire,2020-05-29,4492,238,-37.0,-16.0,16.0,96.0,-28.0,6.0,9.0,1.0,-38.857142857142854,-14.857142857142858,12.571428571428571,115.14285714285714,-23.0,4.857142857142857,4.714285714285714,37.61904761904761
4946,New Hampshire,2020-05-30,4492,238,-13.0,-16.0,6.0,116.0,-13.0,0.0,6.0,1.0,-37.42857142857143,-14.0,12.428571428571429,119.42857142857143,-21.714285714285715,4.285714285714286,4.857142857142857,39.285714285714285
4947,New Hampshire,2020-05-31,4651,245,-13.0,-9.0,4.0,103.0,-11.0,7.0,0.0,4.0,-36.142857142857146,-12.142857142857142,12.0,130.71428571428572,-19.857142857142858,5.142857142857143,4.285714285714286,43.523809523809526
4948,New Hampshire,2020-06-01,4685,245,-36.0,-6.0,12.0,100.0,-17.0,0.0,7.0,9.0,-30.571428571428573,-11.142857142857142,12.857142857142858,146.14285714285714,-20.428571428571427,5.0,5.142857142857143,49.285714285714285
4949,New Hampshire,2020-06-02,4749,256,-36.0,-8.0,14.0,101.0,-13.0,11.0,0.0,9.0,-30.142857142857142,-10.714285714285714,12.714285714285714,149.57142857142858,-19.428571428571427,6.0,5.0,50.523809523809526
4950,New Hampshire,2020-06-03,4795,265,-36.0,-5.0,14.0,78.0,-18.0,9.0,11.0,6.0,-29.714285714285715,-10.571428571428571,12.571428571428571,151.85714285714286,-19.0,6.0,6.0,51.285714285714285
4951,New Hampshire,2020-06-04,4876,273,-35.0,-5.0,12.0,173.0,-15.0,8.0,9.0,0.0,-29.428571428571427,-10.714285714285714,12.571428571428571,146.71428571428572,-18.857142857142858,5.857142857142857,6.0,49.523809523809526
4952,New Hampshire,2020-06-05,4953,278,-35.0,-11.0,13.0,147.0,-29.0,5.0,8.0,7.0,-29.142857142857142,-11.285714285714286,12.714285714285714,135.14285714285714,-19.714285714285715,5.714285714285714,5.857142857142857,45.52380952380952
4953,New Hampshire,2020-06-06,5019,283,-14.0,-14.0,5.0,136.0,-14.0,5.0,5.0,0.0,-29.285714285714285,-10.857142857142858,12.714285714285714,133.28571428571428,-19.714285714285715,6.428571428571429,5.714285714285714,45.047619047619044
4954,New Hampshire,2020-06-07,5043,286,-13.0,-7.0,3.0,116.0,-16.0,3.0,5.0,11.0,-29.285714285714285,-10.857142857142858,12.857142857142858,123.71428571428571,-19.571428571428573,5.857142857142857,6.428571428571429,41.904761904761905
4955,New Hampshire,2020-06-08,5079,286,-35.0,-1.0,11.0,170.0,-15.0,0.0,3.0,9.0,-29.142857142857142,-10.571428571428571,11.571428571428571,112.14285714285714,-17.571428571428573,5.857142857142857,5.857142857142857,37.714285714285715
4956,New Hampshire,2020-06-09,5079,286,-35.0,-5.0,12.0,136.0,-15.0,0.0,0.0,8.0,-29.0,-10.285714285714286,11.571428571428571,109.14285714285714,-17.142857142857142,4.285714285714286,5.857142857142857,36.8095238095238
4957,New Hampshire,2020-06-10,5178,301,-35.0,-2.0,12.0,135.0,-17.0,15.0,0.0,5.0,-28.857142857142858,-9.857142857142858,11.571428571428571,102.14285714285714,-17.0,5.142857142857143,4.285714285714286,34.61904761904761
4958,New Hampshire,2020-06-11,5209,308,-35.0,-8.0,14.0,88.0,-15.0,7.0,15.0,5.0,-28.857142857142858,-9.285714285714286,11.142857142857142,109.57142857142857,-16.428571428571427,5.0,5.142857142857143,37.142857142857146
4959,New Hampshire,2020-06-12,5251,315,-34.0,-10.0,11.0,223.0,-19.0,7.0,7.0,3.0,-28.714285714285715,-8.571428571428571,10.714285714285714,116.85714285714286,-16.571428571428573,5.285714285714286,5.0,39.666666666666664
4960,New Hampshire,2020-06-13,5299,318,-9.0,-11.0,3.0,189.0,-3.0,3.0,7.0,0.0,-28.0,-8.285714285714286,10.571428571428571,119.71428571428571,-16.714285714285715,5.0,5.285714285714286,40.666666666666664
4961,New Hampshire,2020-06-14,5318,320,-7.0,-3.0,2.0,167.0,-6.0,2.0,3.0,0.0,-27.142857142857142,-8.0,10.428571428571429,121.57142857142857,-17.428571428571427,4.857142857142857,5.0,41.333333333333336
