,CountryOrState,Date,confirmed,deaths,work,retail,residential,parks,transit,dDeaths,dDeaths_1,dDeaths_5,aWork,aRetail,aResidential,aParks,aTransit,adDeaths,adDeaths_1,mob_idx
2983,Kansas,2020-03-26,172,3,-42.0,-40.0,18.0,81.0,-19.0,0.0,1.0,1.0,-30.857142857142858,-9.714285714285714,6.142857142857143,21.571428571428573,0.7142857142857143,0.2857142857142857,0.2857142857142857,6.000000000000001
2984,Kansas,2020-03-27,206,4,-38.0,-37.0,15.0,62.0,-21.0,1.0,0.0,0.0,-32.42857142857143,-14.285714285714286,7.714285714285714,21.285714285714285,-2.142857142857143,0.42857142857142855,0.2857142857142857,4.904761904761904
2985,Kansas,2020-03-28,266,4,-25.0,-45.0,12.0,50.0,-26.0,0.0,1.0,0.0,-33.857142857142854,-18.142857142857142,8.571428571428571,29.0,-3.857142857142857,0.2857142857142857,0.42857142857142855,6.476190476190477
2986,Kansas,2020-03-29,330,7,-30.0,-36.0,9.0,72.0,-20.0,3.0,0.0,0.0,-34.714285714285715,-22.285714285714285,9.428571428571429,28.285714285714285,-7.0,0.7142857142857143,0.2857142857142857,5.142857142857143
2987,Kansas,2020-03-30,372,8,-42.0,-41.0,17.0,42.0,-26.0,1.0,3.0,1.0,-36.285714285714285,-25.285714285714285,10.285714285714286,33.42857142857143,-8.857142857142858,0.8571428571428571,0.7142857142857143,6.142857142857143
2988,Kansas,2020-03-31,434,9,-45.0,-35.0,17.0,84.0,-20.0,1.0,1.0,0.0,-37.285714285714285,-28.571428571428573,11.428571428571429,36.285714285714285,-10.714285714285714,1.0,0.8571428571428571,6.38095238095238
2989,Kansas,2020-04-01,485,10,-44.0,-33.0,16.0,84.0,-18.0,1.0,1.0,1.0,-38.0,-31.142857142857142,12.285714285714286,44.142857142857146,-12.428571428571429,1.0,1.0,8.42857142857143
2990,Kansas,2020-04-02,553,12,-46.0,-41.0,19.0,38.0,-24.0,2.0,1.0,0.0,-38.57142857142857,-33.57142857142857,13.142857142857142,42.285714285714285,-14.0,1.2857142857142858,1.0,7.285714285714286
2991,Kansas,2020-04-03,629,18,-43.0,-42.0,19.0,-15.0,-28.0,6.0,2.0,3.0,-39.285714285714285,-35.42857142857143,13.714285714285714,48.285714285714285,-15.714285714285714,2.0,1.2857142857142858,8.857142857142856
2992,Kansas,2020-04-04,698,21,-30.0,-50.0,14.0,5.0,-30.0,3.0,6.0,1.0,-40.0,-36.42857142857143,14.142857142857142,50.42857142857143,-18.142857142857142,2.4285714285714284,2.0,9.380952380952381
2993,Kansas,2020-04-05,751,22,-34.0,-43.0,10.0,25.0,-30.0,1.0,3.0,1.0,-40.57142857142857,-36.57142857142857,14.142857142857142,65.42857142857143,-18.571428571428573,2.142857142857143,2.4285714285714284,14.333333333333334
2994,Kansas,2020-04-06,849,25,-44.0,-40.0,17.0,52.0,-26.0,3.0,1.0,1.0,-40.857142857142854,-38.42857142857143,14.714285714285714,67.14285714285714,-20.0,2.4285714285714284,2.142857142857143,14.476190476190474
2995,Kansas,2020-04-07,912,29,-46.0,-35.0,17.0,126.0,-20.0,4.0,3.0,2.0,-41.0,-38.285714285714285,14.714285714285714,72.57142857142857,-20.571428571428573,2.857142857142857,2.4285714285714284,16.333333333333332
2996,Kansas,2020-04-08,1046,34,-46.0,-33.0,16.0,108.0,-17.0,5.0,4.0,6.0,-41.285714285714285,-38.142857142857146,14.857142857142858,67.85714285714286,-21.428571428571427,3.4285714285714284,2.857142857142857,14.857142857142856
2997,Kansas,2020-04-09,1116,42,-47.0,-38.0,19.0,57.0,-24.0,8.0,5.0,3.0,-41.42857142857143,-38.285714285714285,15.0,61.714285714285715,-22.142857142857142,4.285714285714286,3.4285714285714284,12.80952380952381
2998,Kansas,2020-04-10,1117,42,-47.0,-33.0,17.0,74.0,-23.0,0.0,8.0,1.0,-42.0,-39.0,15.571428571428571,50.714285714285715,-23.142857142857142,3.4285714285714284,4.285714285714286,9.095238095238095
2999,Kansas,2020-04-11,1275,55,-31.0,-41.0,11.0,97.0,-23.0,13.0,0.0,3.0,-42.142857142857146,-39.714285714285715,15.857142857142858,44.285714285714285,-23.714285714285715,4.857142857142857,3.4285714285714284,6.809523809523809
3000,Kansas,2020-04-12,1344,56,-42.0,-61.0,12.0,-47.0,-42.0,1.0,13.0,4.0,-43.285714285714285,-40.714285714285715,16.0,37.57142857142857,-25.142857142857142,4.857142857142857,4.857142857142857,4.285714285714285
3001,Kansas,2020-04-13,1390,62,-44.0,-40.0,18.0,5.0,-30.0,6.0,1.0,5.0,-43.285714285714285,-40.57142857142857,16.0,39.0,-25.142857142857142,5.285714285714286,4.857142857142857,4.80952380952381
3002,Kansas,2020-04-14,1441,69,-45.0,-37.0,19.0,36.0,-26.0,7.0,6.0,8.0,-43.142857142857146,-40.57142857142857,16.0,45.0,-25.142857142857142,5.714285714285714,5.285714285714286,6.80952380952381
3003,Kansas,2020-04-15,1504,71,-44.0,-26.0,16.0,79.0,-19.0,2.0,7.0,0.0,-42.857142857142854,-40.57142857142857,16.0,48.42857142857143,-25.0,5.285714285714286,5.714285714285714,7.952380952380953
3004,Kansas,2020-04-16,1615,80,-46.0,-36.0,20.0,11.0,-28.0,9.0,2.0,13.0,-42.714285714285715,-40.142857142857146,16.0,51.142857142857146,-25.0,5.428571428571429,5.285714285714286,9.0
3005,Kansas,2020-04-17,1730,82,-41.0,-34.0,17.0,26.0,-27.0,2.0,9.0,1.0,-41.857142857142854,-38.857142857142854,15.714285714285714,63.857142857142854,-24.285714285714285,5.714285714285714,5.428571428571429,13.571428571428571
3006,Kansas,2020-04-18,1821,85,-26.0,-39.0,11.0,93.0,-22.0,3.0,2.0,6.0,-41.142857142857146,-37.57142857142857,15.285714285714286,77.0,-23.285714285714285,4.285714285714286,5.714285714285714,18.238095238095237
3007,Kansas,2020-04-19,1905,93,-31.0,-30.0,8.0,72.0,-23.0,8.0,3.0,7.0,-39.57142857142857,-40.142857142857146,15.571428571428571,66.71428571428571,-25.0,5.285714285714286,4.285714285714286,14.047619047619044
3008,Kansas,2020-04-20,2048,102,-42.0,-30.0,15.0,85.0,-24.0,9.0,8.0,2.0,-39.285714285714285,-40.142857142857146,15.714285714285714,60.0,-25.571428571428573,5.714285714285714,5.285714285714286,11.857142857142856
3009,Kansas,2020-04-21,2164,109,-44.0,-27.0,16.0,132.0,-20.0,7.0,9.0,9.0,-39.142857142857146,-40.42857142857143,16.0,47.142857142857146,-26.428571428571427,5.714285714285714,5.714285714285714,7.571428571428572
3010,Kansas,2020-04-22,2331,112,-44.0,-33.0,18.0,15.0,-26.0,3.0,7.0,2.0,-39.142857142857146,-39.42857142857143,16.0,43.0,-26.714285714285715,5.857142857142857,5.714285714285714,6.523809523809523
3011,Kansas,2020-04-23,2721,113,-44.0,-31.0,17.0,121.0,-22.0,1.0,3.0,3.0,-38.857142857142854,-39.142857142857146,16.142857142857142,36.42857142857143,-27.285714285714285,4.714285714285714,5.857142857142857,4.476190476190475
3012,Kansas,2020-04-24,2959,118,-41.0,-34.0,17.0,26.0,-26.0,5.0,1.0,8.0,-38.857142857142854,-39.285714285714285,16.142857142857142,29.571428571428573,-27.857142857142858,5.142857142857143,4.714285714285714,2.1428571428571437
3013,Kansas,2020-04-25,3135,120,-25.0,-35.0,9.0,137.0,-16.0,2.0,5.0,9.0,-38.714285714285715,-39.0,16.142857142857142,29.0,-27.714285714285715,5.0,5.142857142857143,2.0476190476190474
3014,Kansas,2020-04-26,3277,121,-30.0,-25.0,7.0,102.0,-16.0,1.0,2.0,7.0,-38.57142857142857,-34.57142857142857,15.571428571428571,46.0,-25.0,4.0,5.0,9.0
3015,Kansas,2020-04-27,3473,126,-40.0,-25.0,15.0,91.0,-19.0,5.0,1.0,3.0,-38.285714285714285,-33.142857142857146,15.142857142857142,57.42857142857143,-24.142857142857142,3.4285714285714284,4.0,13.142857142857144
3016,Kansas,2020-04-28,3652,127,-44.0,-26.0,11.0,73.0,-18.0,1.0,5.0,1.0,-38.285714285714285,-31.714285714285715,14.714285714285714,71.14285714285714,-23.285714285714285,2.5714285714285716,3.4285714285714284,18.047619047619047
3017,Kansas,2020-04-29,3839,134,-42.0,-24.0,15.0,74.0,-14.0,7.0,1.0,5.0,-38.0,-32.714285714285715,15.0,62.0,-24.285714285714285,3.142857142857143,2.5714285714285716,14.761904761904761
3018,Kansas,2020-04-30,4413,134,-43.0,-24.0,16.0,136.0,-13.0,0.0,7.0,2.0,-37.857142857142854,-32.0,14.571428571428571,77.71428571428571,-23.428571428571427,3.0,3.142857142857143,20.09523809523809
3019,Kansas,2020-05-01,4634,140,-39.0,-20.0,12.0,163.0,-9.0,6.0,0.0,1.0,-37.57142857142857,-32.0,14.571428571428571,77.71428571428571,-23.285714285714285,3.142857142857143,3.0,20.09523809523809
3020,Kansas,2020-05-02,4885,142,-23.0,-30.0,7.0,176.0,-7.0,2.0,6.0,5.0,-37.285714285714285,-31.428571428571427,14.285714285714286,84.0,-22.428571428571427,3.142857142857143,3.142857142857143,22.28571428571429
3021,Kansas,2020-05-03,5156,144,-26.0,-19.0,6.0,102.0,-9.0,2.0,2.0,1.0,-36.714285714285715,-30.714285714285715,14.142857142857142,88.28571428571429,-21.428571428571427,3.2857142857142856,3.142857142857143,23.90476190476191
3022,Kansas,2020-05-04,5383,156,-38.0,-26.0,15.0,24.0,-20.0,12.0,2.0,7.0,-36.42857142857143,-30.0,14.142857142857142,89.14285714285714,-20.714285714285715,4.285714285714286,3.2857142857142856,24.428571428571427
3023,Kansas,2020-05-05,5648,161,-39.0,-14.0,14.0,109.0,-9.0,5.0,12.0,0.0,-35.714285714285715,-29.857142857142858,13.428571428571429,80.71428571428571,-20.428571428571427,4.857142857142857,4.285714285714286,21.428571428571427
3024,Kansas,2020-05-06,5993,164,-38.0,-18.0,13.0,114.0,-7.0,3.0,5.0,6.0,-35.142857142857146,-28.571428571428573,13.0,89.14285714285714,-18.714285714285715,4.285714285714286,4.857142857142857,24.523809523809522
3025,Kansas,2020-05-07,6332,165,-40.0,-27.0,17.0,33.0,-16.0,1.0,3.0,2.0,-34.714285714285715,-27.571428571428573,12.857142857142858,91.28571428571429,-17.428571428571427,4.428571428571429,4.285714285714286,25.52380952380953
3026,Kansas,2020-05-08,6667,168,-35.0,-17.0,11.0,116.0,-7.0,3.0,1.0,2.0,-34.142857142857146,-25.571428571428573,12.142857142857142,110.85714285714286,-15.0,4.0,4.428571428571429,32.476190476190474
3027,Kansas,2020-05-09,6829,174,-19.0,-26.0,6.0,133.0,-6.0,6.0,3.0,12.0,-33.57142857142857,-24.857142857142858,11.857142857142858,116.42857142857143,-13.714285714285714,4.571428571428571,4.0,34.476190476190474
3028,Kansas,2020-05-10,6951,174,-21.0,-12.0,4.0,64.0,-2.0,0.0,6.0,5.0,-32.857142857142854,-24.0,11.714285714285714,116.42857142857143,-12.714285714285714,4.285714285714286,4.571428571428571,34.714285714285715
3029,Kansas,2020-05-11,7159,180,-36.0,-27.0,15.0,10.0,-18.0,6.0,0.0,3.0,-32.57142857142857,-24.142857142857142,11.714285714285714,106.85714285714286,-12.857142857142858,3.4285714285714284,4.285714285714286,31.476190476190478
3030,Kansas,2020-05-12,7240,184,-38.0,-22.0,15.0,28.0,-15.0,4.0,6.0,1.0,-32.42857142857143,-22.428571428571427,12.142857142857142,112.0,-11.571428571428571,3.2857142857142856,3.4285714285714284,33.904761904761905
3031,Kansas,2020-05-13,7518,188,-37.0,-21.0,14.0,41.0,-13.0,4.0,4.0,3.0,-32.285714285714285,-21.571428571428573,11.857142857142858,117.71428571428571,-10.571428571428571,3.4285714285714284,3.2857142857142856,36.0
3032,Kansas,2020-05-14,7705,189,-38.0,-20.0,14.0,104.0,-8.0,1.0,4.0,6.0,-32.0,-22.0,12.0,103.0,-11.0,3.4285714285714284,3.4285714285714284,31.0
3033,Kansas,2020-05-15,7886,193,-33.0,-17.0,11.0,105.0,-6.0,4.0,1.0,0.0,-31.714285714285715,-21.571428571428573,11.857142857142858,96.28571428571429,-10.714285714285714,3.5714285714285716,3.4285714285714284,28.85714285714286
3034,Kansas,2020-05-16,7939,195,-16.0,-25.0,6.0,125.0,-7.0,2.0,4.0,6.0,-31.285714285714285,-21.0,11.714285714285714,90.14285714285714,-10.571428571428571,3.0,3.5714285714285716,26.95238095238095
3035,Kansas,2020-05-17,7953,195,-18.0,-12.0,4.0,106.0,-2.0,0.0,2.0,4.0,-30.857142857142858,-20.0,11.428571428571429,84.71428571428571,-9.571428571428571,3.0,3.0,25.38095238095238
3036,Kansas,2020-05-18,8303,198,-32.0,-12.0,10.0,89.0,-7.0,3.0,0.0,4.0,-30.285714285714285,-20.142857142857142,11.428571428571429,82.71428571428571,-9.285714285714286,2.5714285714285716,3.0,24.666666666666668
3037,Kansas,2020-05-19,8353,199,-35.0,-8.0,11.0,139.0,-3.0,1.0,3.0,1.0,-29.857142857142858,-21.285714285714285,11.571428571428571,71.14285714285714,-10.142857142857142,2.142857142857143,2.5714285714285716,20.476190476190474
3038,Kansas,2020-05-20,8507,202,-34.0,-6.0,10.0,135.0,4.0,3.0,1.0,4.0,-29.428571428571427,-21.714285714285715,11.714285714285714,60.714285714285715,-11.0,2.0,2.142857142857143,16.904761904761905
3039,Kansas,2020-05-21,8625,204,-36.0,-12.0,12.0,110.0,-2.0,2.0,3.0,2.0,-29.142857142857142,-20.714285714285715,11.285714285714286,70.85714285714286,-9.857142857142858,2.142857142857143,2.0,20.476190476190478
3040,Kansas,2020-05-22,8909,205,-34.0,-8.0,9.0,153.0,6.0,1.0,2.0,0.0,-29.285714285714285,-20.714285714285715,11.285714285714286,69.28571428571429,-9.714285714285714,1.7142857142857142,2.142857142857143,19.952380952380953
3041,Kansas,2020-05-23,8946,205,-14.0,-20.0,2.0,219.0,6.0,0.0,1.0,3.0,-29.0,-20.571428571428573,11.285714285714286,68.14285714285714,-9.857142857142858,1.4285714285714286,1.7142857142857142,19.619047619047617
3042,Kansas,2020-05-24,9004,205,-20.0,-7.0,2.0,130.0,2.0,0.0,0.0,1.0,-29.285714285714285,-20.571428571428573,11.285714285714286,74.14285714285714,-9.857142857142858,1.4285714285714286,1.4285714285714286,21.619047619047617
3043,Kansas,2020-05-25,9125,207,-73.0,-19.0,20.0,79.0,-24.0,2.0,0.0,3.0,-35.142857142857146,-18.428571428571427,10.571428571428571,85.42857142857143,-8.285714285714286,1.2857142857142858,1.4285714285714286,25.857142857142858
3044,Kansas,2020-05-26,9199,210,-35.0,-12.0,12.0,63.0,-8.0,3.0,2.0,2.0,-35.142857142857146,-16.428571428571427,10.0,101.28571428571429,-6.571428571428571,1.5714285714285714,1.2857142857142858,31.61904761904762
3045,Kansas,2020-05-27,9291,213,-32.0,-8.0,10.0,114.0,1.0,3.0,3.0,1.0,-34.857142857142854,-14.285714285714286,9.428571428571429,114.71428571428571,-4.142857142857143,1.5714285714285714,1.5714285714285714,36.61904761904761
3046,Kansas,2020-05-28,9371,214,-34.0,-14.0,12.0,82.0,-3.0,1.0,3.0,0.0,-34.57142857142857,-13.142857142857142,9.142857142857142,115.57142857142857,-3.2857142857142856,1.4285714285714286,1.5714285714285714,37.19047619047619
3047,Kansas,2020-05-29,9662,215,-28.0,-5.0,6.0,197.0,9.0,1.0,1.0,0.0,-33.714285714285715,-11.857142857142858,8.857142857142858,122.42857142857143,-1.5714285714285714,1.4285714285714286,1.4285714285714286,39.80952380952381
3048,Kansas,2020-05-30,9690,215,-4.0,-17.0,2.0,205.0,12.0,0.0,1.0,2.0,-32.285714285714285,-11.142857142857142,8.285714285714286,135.85714285714286,0.2857142857142857,1.4285714285714286,1.4285714285714286,44.333333333333336
3049,Kansas,2020-05-31,9700,215,-9.0,-3.0,2.0,133.0,11.0,0.0,0.0,3.0,-30.714285714285715,-10.428571428571429,8.0,139.28571428571428,0.8571428571428571,1.4285714285714286,1.4285714285714286,45.61904761904762
3050,Kansas,2020-06-01,9920,217,-29.0,-5.0,8.0,117.0,1.0,2.0,0.0,3.0,-24.428571428571427,-11.428571428571429,9.428571428571429,137.85714285714286,-1.5714285714285714,1.4285714285714286,1.4285714285714286,45.285714285714285
3051,Kansas,2020-06-02,9965,222,-32.0,-5.0,9.0,137.0,1.0,5.0,2.0,1.0,-24.0,-12.0,9.571428571428571,127.0,-2.2857142857142856,1.7142857142857142,1.4285714285714286,41.523809523809526
3052,Kansas,2020-06-03,10092,226,-31.0,-2.0,8.0,130.0,5.0,4.0,5.0,1.0,-23.857142857142858,-12.285714285714286,9.571428571428571,124.0,-2.7142857142857144,1.8571428571428572,1.7142857142857142,40.42857142857142
3053,Kansas,2020-06-04,10167,227,-32.0,-8.0,9.0,130.0,3.0,1.0,4.0,0.0,-23.571428571428573,-12.571428571428571,9.571428571428571,120.0,-2.857142857142857,1.8571428571428572,1.8571428571428572,39.0
3054,Kansas,2020-06-05,10306,232,-29.0,-3.0,6.0,173.0,7.0,5.0,1.0,0.0,-23.714285714285715,-12.142857142857142,9.142857142857142,126.28571428571429,-2.4285714285714284,2.4285714285714284,1.8571428571428572,41.095238095238095
3055,Kansas,2020-06-06,10361,233,-8.0,-16.0,2.0,205.0,6.0,1.0,5.0,2.0,-24.285714285714285,-11.714285714285714,9.142857142857142,124.28571428571429,-1.5714285714285714,2.5714285714285716,2.4285714285714284,40.57142857142858
3056,Kansas,2020-06-07,10406,233,-12.0,-2.0,1.0,117.0,8.0,0.0,1.0,5.0,-24.714285714285715,-11.142857142857142,9.142857142857142,124.71428571428571,-0.2857142857142857,2.5714285714285716,2.5714285714285716,40.904761904761905
3057,Kansas,2020-06-08,10544,236,-29.0,-6.0,8.0,111.0,-1.0,3.0,0.0,4.0,-24.714285714285715,-9.142857142857142,7.428571428571429,130.14285714285714,3.2857142857142856,2.7142857142857144,2.5714285714285716,42.8095238095238
3058,Kansas,2020-06-09,10609,237,-31.0,-5.0,10.0,112.0,-2.0,1.0,3.0,1.0,-24.571428571428573,-8.142857142857142,7.0,140.71428571428572,4.571428571428571,2.142857142857143,2.7142857142857144,46.523809523809526
3059,Kansas,2020-06-10,10750,240,-29.0,0.0,7.0,153.0,6.0,3.0,1.0,5.0,-24.285714285714285,-7.285714285714286,6.714285714285714,143.0,5.142857142857143,2.0,2.142857142857143,47.476190476190474
3060,Kansas,2020-06-11,10823,243,-32.0,-6.0,8.0,161.0,6.0,3.0,3.0,1.0,-24.285714285714285,-6.428571428571429,6.285714285714286,149.85714285714286,6.0,2.2857142857142856,2.0,49.904761904761905
3061,Kansas,2020-06-12,10973,243,-28.0,-2.0,4.0,206.0,13.0,0.0,3.0,0.0,-24.142857142857142,-6.142857142857143,6.285714285714286,146.42857142857142,5.714285714285714,1.5714285714285714,2.2857142857142856,48.857142857142854
3062,Kansas,2020-06-13,11020,245,-4.0,-14.0,1.0,229.0,13.0,2.0,0.0,3.0,-23.571428571428573,-6.0,6.285714285714286,146.42857142857142,4.857142857142857,1.7142857142857142,1.5714285714285714,48.9047619047619
3063,Kansas,2020-06-14,11101,245,-9.0,0.0,1.0,129.0,13.0,0.0,2.0,1.0,-23.142857142857142,-5.857142857142857,6.142857142857143,144.14285714285714,4.428571428571429,1.7142857142857142,1.7142857142857142,48.14285714285714
