,CountryOrState,Date,confirmed,deaths,work,retail,residential,parks,transit,dDeaths,dDeaths_1,dDeaths_5,aWork,aRetail,aResidential,aParks,aTransit,adDeaths,adDeaths_1,mob_idx
5477,North Carolina,2020-04-07,3299,53,-45.0,-36.0,18.0,24.0,-44.0,8.0,7.0,7.0,-41.857142857142854,-36.0,14.428571428571429,15.714285714285714,-44.714285714285715,5.857142857142857,5.428571428571429,-1.9523809523809519
5478,North Carolina,2020-04-08,3499,66,-46.0,-36.0,17.0,15.0,-44.0,13.0,8.0,6.0,-42.0,-37.42857142857143,14.857142857142858,13.0,-45.57142857142857,7.428571428571429,5.857142857142857,-3.190476190476191
5479,North Carolina,2020-04-09,3736,76,-47.0,-35.0,18.0,11.0,-47.0,10.0,13.0,7.0,-42.285714285714285,-37.714285714285715,15.142857142857142,12.428571428571429,-46.142857142857146,7.857142857142857,7.428571428571429,-3.3809523809523814
5480,North Carolina,2020-04-10,3965,83,-57.0,-36.0,21.0,12.0,-52.0,7.0,10.0,4.0,-44.142857142857146,-37.57142857142857,15.285714285714286,10.714285714285714,-46.285714285714285,8.0,7.857142857142857,-3.857142857142857
5481,North Carolina,2020-04-11,4354,89,-35.0,-40.0,11.0,20.0,-49.0,6.0,7.0,7.0,-44.57142857142857,-37.714285714285715,15.571428571428571,8.285714285714286,-46.857142857142854,7.857142857142857,8.0,-4.6190476190476195
5482,North Carolina,2020-04-12,4570,89,-44.0,-61.0,12.0,-35.0,-61.0,0.0,6.0,8.0,-45.42857142857143,-38.142857142857146,15.714285714285714,7.142857142857143,-47.42857142857143,7.285714285714286,7.857142857142857,-5.095238095238096
5483,North Carolina,2020-04-13,4886,94,-49.0,-39.0,18.0,1.0,-51.0,5.0,0.0,13.0,-46.142857142857146,-38.42857142857143,15.857142857142858,7.0,-47.57142857142857,7.0,7.285714285714286,-5.190476190476191
5484,North Carolina,2020-04-14,5113,112,-44.0,-33.0,17.0,31.0,-42.0,18.0,5.0,10.0,-46.0,-37.857142857142854,15.714285714285714,13.0,-47.285714285714285,8.428571428571429,7.0,-3.047619047619046
5485,North Carolina,2020-04-15,5340,130,-45.0,-28.0,17.0,-6.0,-44.0,18.0,18.0,7.0,-45.857142857142854,-37.57142857142857,15.571428571428571,17.142857142857142,-47.142857142857146,9.142857142857142,8.428571428571429,-1.6190476190476193
5486,North Carolina,2020-04-16,5639,150,-44.0,-29.0,17.0,12.0,-45.0,20.0,18.0,6.0,-45.42857142857143,-37.285714285714285,15.571428571428571,17.714285714285715,-47.142857142857146,10.571428571428571,9.142857142857142,-1.3333333333333333
5487,North Carolina,2020-04-17,6045,177,-43.0,-31.0,17.0,32.0,-45.0,27.0,20.0,0.0,-43.42857142857143,-37.57142857142857,16.142857142857142,15.714285714285714,-48.0,13.428571428571429,10.571428571428571,-1.9047619047619044
5488,North Carolina,2020-04-18,6328,187,-30.0,-36.0,11.0,10.0,-45.0,10.0,27.0,5.0,-42.714285714285715,-37.42857142857143,16.0,15.571428571428571,-48.142857142857146,14.0,13.428571428571429,-1.9523809523809532
5489,North Carolina,2020-04-19,6601,200,-36.0,-38.0,10.0,-10.0,-54.0,13.0,10.0,18.0,-41.57142857142857,-40.0,16.142857142857142,9.857142857142858,-49.0,15.857142857142858,14.0,-4.666666666666667
5490,North Carolina,2020-04-20,6895,218,-44.0,-34.0,18.0,-11.0,-50.0,18.0,13.0,18.0,-40.857142857142854,-40.42857142857143,16.428571428571427,6.857142857142857,-49.714285714285715,17.714285714285715,15.857142857142858,-5.714285714285715
5491,North Carolina,2020-04-21,7134,245,-43.0,-29.0,16.0,29.0,-41.0,27.0,18.0,20.0,-40.714285714285715,-40.0,16.285714285714285,7.857142857142857,-49.42857142857143,19.0,17.714285714285715,-5.285714285714286
5492,North Carolina,2020-04-22,7495,265,-44.0,-29.0,16.0,22.0,-42.0,20.0,27.0,27.0,-40.57142857142857,-38.857142857142854,16.285714285714285,4.857142857142857,-49.42857142857143,19.285714285714285,19.0,-5.904761904761904
5493,North Carolina,2020-04-23,7820,281,-45.0,-36.0,20.0,-30.0,-50.0,16.0,20.0,10.0,-40.714285714285715,-38.0,16.142857142857142,5.0,-49.142857142857146,18.714285714285715,19.285714285714285,-5.6190476190476195
5494,North Carolina,2020-04-24,8290,294,-43.0,-31.0,17.0,33.0,-44.0,13.0,16.0,13.0,-40.714285714285715,-37.285714285714285,15.571428571428571,7.857142857142857,-48.142857142857146,16.714285714285715,18.714285714285715,-4.6190476190476195
5495,North Carolina,2020-04-25,8768,305,-30.0,-37.0,11.0,3.0,-46.0,11.0,13.0,18.0,-40.714285714285715,-36.714285714285715,15.571428571428571,6.428571428571429,-47.57142857142857,16.857142857142858,16.714285714285715,-4.904761904761906
5496,North Carolina,2020-04-26,8997,324,-35.0,-35.0,9.0,10.0,-50.0,19.0,11.0,27.0,-40.57142857142857,-33.42857142857143,15.285714285714286,10.0,-46.57142857142857,17.714285714285715,16.857142857142858,-2.7142857142857153
5497,North Carolina,2020-04-27,9428,340,-41.0,-25.0,15.0,28.0,-42.0,16.0,19.0,20.0,-40.142857142857146,-32.714285714285715,15.285714285714286,8.285714285714286,-46.42857142857143,17.428571428571427,17.714285714285715,-3.047619047619048
5498,North Carolina,2020-04-28,9755,363,-42.0,-24.0,10.0,38.0,-38.0,23.0,16.0,16.0,-40.0,-32.142857142857146,15.142857142857142,8.0,-46.285714285714285,16.857142857142858,17.428571428571427,-3.0000000000000013
5499,North Carolina,2020-04-29,10180,382,-43.0,-25.0,16.0,12.0,-40.0,19.0,23.0,13.0,-39.857142857142854,-32.285714285714285,15.0,12.0,-46.0,16.714285714285715,16.857142857142858,-1.7619047619047616
5500,North Carolina,2020-04-30,10754,406,-44.0,-29.0,18.0,-17.0,-45.0,24.0,19.0,11.0,-39.714285714285715,-33.285714285714285,15.428571428571429,6.0,-46.714285714285715,17.857142857142858,16.714285714285715,-3.952380952380951
5501,North Carolina,2020-05-01,11070,419,-41.0,-23.0,15.0,31.0,-39.0,13.0,24.0,19.0,-39.42857142857143,-33.285714285714285,15.428571428571429,6.142857142857143,-46.57142857142857,17.857142857142858,17.857142857142858,-3.9047619047619038
5502,North Carolina,2020-05-02,11588,431,-26.0,-27.0,8.0,57.0,-35.0,12.0,13.0,16.0,-38.857142857142854,-33.42857142857143,15.428571428571429,5.142857142857143,-46.714285714285715,18.0,17.857142857142858,-4.285714285714286
5503,North Carolina,2020-05-03,11770,434,-30.0,-27.0,7.0,39.0,-42.0,3.0,12.0,23.0,-38.142857142857146,-33.0,15.285714285714286,8.0,-46.142857142857146,15.714285714285714,18.0,-3.2380952380952386
5504,North Carolina,2020-05-04,11971,442,-40.0,-20.0,13.0,44.0,-37.0,8.0,3.0,19.0,-38.0,-31.714285714285715,14.857142857142858,13.571428571428571,-45.0,14.571428571428571,15.714285714285714,-1.0952380952380956
5505,North Carolina,2020-05-05,12510,472,-40.0,-22.0,15.0,10.0,-37.0,30.0,8.0,24.0,-37.714285714285715,-31.0,14.0,14.857142857142858,-44.57142857142857,15.571428571428571,14.571428571428571,-0.7142857142857141
5506,North Carolina,2020-05-06,13053,492,-41.0,-24.0,15.0,11.0,-36.0,20.0,30.0,13.0,-37.42857142857143,-30.428571428571427,14.0,13.428571428571429,-44.285714285714285,15.714285714285714,15.571428571428571,-0.9999999999999994
5507,North Carolina,2020-05-07,13540,513,-40.0,-22.0,15.0,29.0,-37.0,21.0,20.0,12.0,-36.857142857142854,-29.428571428571427,13.714285714285714,15.285714285714286,-43.57142857142857,15.285714285714286,15.714285714285714,-0.14285714285714235
5508,North Carolina,2020-05-08,14006,530,-40.0,-25.0,15.0,14.0,-38.0,17.0,21.0,3.0,-36.714285714285715,-28.285714285714285,13.428571428571429,15.0,-42.857142857142854,15.857142857142858,15.285714285714286,0.04761904761904804
5509,North Carolina,2020-05-09,14478,551,-24.0,-22.0,7.0,40.0,-30.0,21.0,17.0,8.0,-36.42857142857143,-26.857142857142858,13.0,22.714285714285715,-41.285714285714285,17.142857142857142,15.857142857142858,2.9523809523809526
5510,North Carolina,2020-05-10,14938,564,-26.0,-23.0,5.0,34.0,-37.0,13.0,21.0,30.0,-35.857142857142854,-25.714285714285715,12.714285714285714,26.857142857142858,-40.142857142857146,18.571428571428573,17.142857142857142,4.619047619047619
5511,North Carolina,2020-05-11,15274,575,-37.0,-21.0,12.0,39.0,-34.0,11.0,13.0,20.0,-35.42857142857143,-25.0,12.428571428571429,29.142857142857142,-39.42857142857143,19.0,18.571428571428573,5.523809523809523
5512,North Carolina,2020-05-12,15622,600,-38.0,-20.0,14.0,42.0,-31.0,25.0,11.0,21.0,-35.142857142857146,-24.714285714285715,13.142857142857142,25.142857142857142,-39.285714285714285,18.285714285714285,19.0,4.523809523809523
5513,North Carolina,2020-05-13,16352,625,-38.0,-22.0,14.0,25.0,-34.0,25.0,25.0,17.0,-34.714285714285715,-24.571428571428573,13.0,25.0,-38.714285714285715,19.0,18.285714285714285,4.476190476190475
5514,North Carolina,2020-05-14,16968,641,-38.0,-22.0,14.0,42.0,-34.0,16.0,25.0,21.0,-34.42857142857143,-23.571428571428573,12.571428571428571,31.571428571428573,-37.57142857142857,18.285714285714285,19.0,6.857142857142857
5515,North Carolina,2020-05-15,17494,667,-38.0,-22.0,12.0,72.0,-32.0,26.0,16.0,13.0,-34.142857142857146,-23.857142857142858,12.571428571428571,29.142857142857142,-37.42857142857143,19.571428571428573,18.285714285714285,5.952380952380952
5516,North Carolina,2020-05-16,18130,676,-23.0,-25.0,6.0,90.0,-26.0,9.0,26.0,11.0,-34.0,-23.142857142857142,12.428571428571429,26.714285714285715,-36.714285714285715,17.857142857142858,19.571428571428573,5.333333333333333
5517,North Carolina,2020-05-17,18673,686,-25.0,-24.0,6.0,52.0,-34.0,10.0,9.0,25.0,-33.857142857142854,-22.571428571428573,12.142857142857142,26.0,-36.0,17.428571428571427,17.857142857142858,5.19047619047619
5518,North Carolina,2020-05-18,19207,693,-37.0,-21.0,13.0,17.0,-35.0,7.0,10.0,25.0,-33.857142857142854,-22.714285714285715,12.0,25.285714285714285,-35.57142857142857,16.857142857142858,17.428571428571427,4.857142857142857
5519,North Carolina,2020-05-19,19239,693,-38.0,-25.0,16.0,-19.0,-38.0,0.0,7.0,16.0,-33.857142857142854,-22.428571428571427,11.857142857142858,29.857142857142858,-34.714285714285715,13.285714285714286,16.857142857142858,6.42857142857143
5520,North Carolina,2020-05-20,20262,726,-39.0,-27.0,16.0,-25.0,-38.0,33.0,0.0,26.0,-34.0,-22.142857142857142,11.714285714285714,31.857142857142858,-34.42857142857143,14.428571428571429,13.285714285714286,7.142857142857143
5521,North Carolina,2020-05-21,20512,728,-39.0,-25.0,17.0,-16.0,-36.0,2.0,33.0,9.0,-34.142857142857146,-22.142857142857142,11.571428571428571,33.714285714285715,-34.0,12.428571428571429,14.428571428571429,7.714285714285715
5522,North Carolina,2020-05-22,22110,775,-37.0,-19.0,13.0,50.0,-28.0,47.0,2.0,10.0,-34.0,-21.714285714285715,11.142857142857142,42.0,-33.142857142857146,15.428571428571429,12.428571428571429,10.476190476190476
5523,North Carolina,2020-05-23,22864,778,-18.0,-19.0,5.0,88.0,-19.0,3.0,47.0,7.0,-33.285714285714285,-22.142857142857142,11.0,49.142857142857146,-32.57142857142857,14.571428571428571,15.428571428571429,12.666666666666666
5524,North Carolina,2020-05-24,23365,784,-24.0,-19.0,5.0,65.0,-32.0,6.0,3.0,0.0,-33.142857142857146,-22.285714285714285,11.142857142857142,51.714285714285715,-32.142857142857146,14.0,14.571428571428571,13.523809523809524
5525,North Carolina,2020-05-25,24057,790,-68.0,-19.0,18.0,92.0,-39.0,6.0,6.0,33.0,-37.57142857142857,-22.285714285714285,11.285714285714286,48.57142857142857,-32.285714285714285,13.857142857142858,14.0,12.523809523809524
5526,North Carolina,2020-05-26,24455,801,-34.0,-13.0,11.0,50.0,-24.0,11.0,6.0,2.0,-37.0,-23.0,11.571428571428571,39.857142857142854,-33.285714285714285,15.428571428571429,13.857142857142858,9.476190476190474
5527,North Carolina,2020-05-27,24916,844,-35.0,-20.0,14.0,-2.0,-32.0,43.0,11.0,47.0,-36.42857142857143,-23.714285714285715,11.857142857142858,32.714285714285715,-33.857142857142854,16.857142857142858,15.428571428571429,6.9523809523809526
5528,North Carolina,2020-05-28,25800,876,-34.0,-15.0,13.0,21.0,-30.0,32.0,43.0,3.0,-35.714285714285715,-24.142857142857142,12.285714285714286,24.428571428571427,-34.142857142857146,21.142857142857142,16.857142857142858,4.190476190476191
5529,North Carolina,2020-05-29,26885,919,-33.0,-18.0,13.0,26.0,-30.0,43.0,32.0,6.0,-35.142857142857146,-23.714285714285715,12.428571428571429,21.285714285714285,-33.57142857142857,20.571428571428573,21.142857142857142,3.3333333333333326
5530,North Carolina,2020-05-30,27794,929,-10.0,-16.0,5.0,72.0,-18.0,10.0,43.0,6.0,-34.0,-22.857142857142858,12.285714285714286,21.0,-32.57142857142857,21.571428571428573,20.571428571428573,3.4761904761904763
5531,North Carolina,2020-05-31,28785,937,-15.0,-15.0,4.0,75.0,-25.0,8.0,10.0,11.0,-32.714285714285715,-22.142857142857142,12.142857142857142,22.857142857142858,-32.285714285714285,21.857142857142858,21.571428571428573,4.285714285714286
5532,North Carolina,2020-06-01,29592,948,-31.0,-8.0,9.0,79.0,-24.0,11.0,8.0,43.0,-27.428571428571427,-21.857142857142858,12.857142857142858,33.57142857142857,-32.857142857142854,22.571428571428573,21.857142857142858,8.19047619047619
5533,North Carolina,2020-06-02,30023,961,-32.0,-9.0,10.0,79.0,-22.0,13.0,11.0,32.0,-27.142857142857142,-20.142857142857142,12.142857142857142,43.42857142857143,-30.857142857142858,22.857142857142858,22.571428571428573,11.80952380952381
5534,North Carolina,2020-06-03,31276,999,-33.0,-8.0,10.0,57.0,-23.0,38.0,13.0,43.0,-26.857142857142858,-19.142857142857142,11.857142857142858,46.714285714285715,-30.0,22.142857142857142,22.857142857142858,13.142857142857144
5535,North Carolina,2020-06-04,32075,1006,-33.0,-10.0,11.0,52.0,-24.0,7.0,38.0,10.0,-26.714285714285715,-17.714285714285715,11.285714285714286,52.0,-29.142857142857142,18.571428571428573,22.142857142857142,15.19047619047619
5536,North Carolina,2020-06-05,33295,1015,-32.0,-12.0,10.0,65.0,-25.0,9.0,7.0,8.0,-26.571428571428573,-17.571428571428573,11.285714285714286,48.57142857142857,-29.428571428571427,13.714285714285714,18.571428571428573,14.095238095238095
5537,North Carolina,2020-06-06,34718,1028,-12.0,-15.0,3.0,95.0,-19.0,13.0,9.0,11.0,-26.857142857142858,-17.142857142857142,11.285714285714286,46.285714285714285,-29.285714285714285,14.142857142857142,13.714285714285714,13.476190476190476
5538,North Carolina,2020-06-07,35625,1032,-17.0,-13.0,3.0,70.0,-24.0,4.0,13.0,13.0,-27.142857142857142,-16.571428571428573,11.142857142857142,47.714285714285715,-28.285714285714285,13.571428571428571,14.142857142857142,14.095238095238095
5539,North Carolina,2020-06-08,36517,1041,-32.0,-9.0,9.0,71.0,-25.0,9.0,4.0,38.0,-27.285714285714285,-15.0,9.857142857142858,45.857142857142854,-26.142857142857142,13.285714285714286,13.571428571428571,13.57142857142857
5540,North Carolina,2020-06-09,37227,1068,-32.0,-9.0,10.0,69.0,-24.0,27.0,9.0,7.0,-27.285714285714285,-14.428571428571429,9.714285714285714,50.0,-25.857142857142858,15.285714285714286,13.285714285714286,15.095238095238095
5541,North Carolina,2020-06-10,38473,1090,-33.0,-10.0,10.0,43.0,-25.0,22.0,27.0,9.0,-27.285714285714285,-12.714285714285714,9.142857142857142,58.42857142857143,-24.571428571428573,13.0,15.285714285714286,18.28571428571429
5542,North Carolina,2020-06-11,39584,1106,-33.0,-11.0,11.0,46.0,-27.0,16.0,22.0,13.0,-27.285714285714285,-12.0,8.857142857142858,62.857142857142854,-23.714285714285715,14.285714285714286,13.0,19.9047619047619
5543,North Carolina,2020-06-12,41417,1121,-32.0,-11.0,9.0,84.0,-23.0,15.0,16.0,4.0,-27.285714285714285,-11.142857142857142,8.428571428571429,68.42857142857143,-23.0,15.142857142857142,14.285714285714286,21.90476190476191
5544,North Carolina,2020-06-13,42845,1127,-9.0,-13.0,2.0,112.0,-13.0,6.0,15.0,9.0,-26.857142857142858,-11.0,8.142857142857142,71.71428571428571,-23.142857142857142,14.142857142857142,15.142857142857142,22.95238095238095
5545,North Carolina,2020-06-14,44264,1132,-15.0,-12.0,3.0,62.0,-23.0,5.0,6.0,27.0,-26.571428571428573,-10.714285714285714,8.0,71.0,-23.0,14.285714285714286,14.142857142857142,22.761904761904763
