,CountryOrState,Date,confirmed,deaths,work,retail,residential,parks,transit,dDeaths,dDeaths_1,dDeaths_5,aWork,aRetail,aResidential,aParks,aTransit,adDeaths,adDeaths_1,mob_idx
4157,Mississippi,2020-04-01,1073,22,-37.0,-15.0,13.0,17.0,-17.0,2.0,4.0,2.0,-33.0,-25.714285714285715,11.142857142857142,8.285714285714286,-13.714285714285714,2.7142857142857144,2.7142857142857144,-2.0952380952380953
4158,Mississippi,2020-04-02,1177,26,-37.0,-21.0,14.0,10.0,-21.0,4.0,2.0,5.0,-33.42857142857143,-27.571428571428573,11.714285714285714,9.0,-15.714285714285714,2.857142857142857,2.7142857142857144,-2.2857142857142865
4159,Mississippi,2020-04-03,1358,29,-39.0,-28.0,16.0,-6.0,-29.0,3.0,4.0,1.0,-34.0,-28.428571428571427,12.0,12.0,-17.285714285714285,3.0,2.857142857142857,-1.4761904761904756
4160,Mississippi,2020-04-04,1455,35,-31.0,-47.0,13.0,-22.0,-37.0,6.0,3.0,2.0,-34.857142857142854,-29.0,12.0,14.142857142857142,-18.714285714285715,3.142857142857143,3.0,-0.9523809523809526
4161,Mississippi,2020-04-05,1638,43,-35.0,-43.0,11.0,-8.0,-37.0,8.0,6.0,4.0,-35.57142857142857,-28.428571428571427,12.0,18.857142857142858,-19.857142857142858,4.142857142857143,3.142857142857143,0.8095238095238102
4162,Mississippi,2020-04-06,1738,51,-40.0,-32.0,15.0,-8.0,-30.0,8.0,8.0,2.0,-36.42857142857143,-28.428571428571427,12.142857142857142,18.857142857142858,-20.428571428571427,5.0,4.142857142857143,0.8571428571428577
4163,Mississippi,2020-04-07,1915,60,-42.0,-35.0,17.0,-16.0,-26.0,9.0,8.0,4.0,-37.285714285714285,-28.142857142857142,12.285714285714286,16.714285714285715,-21.571428571428573,5.714285714285714,5.0,0.2857142857142865
4164,Mississippi,2020-04-08,2003,67,-42.0,-31.0,16.0,-4.0,-26.0,7.0,9.0,3.0,-38.0,-26.857142857142858,12.285714285714286,15.428571428571429,-22.142857142857142,6.428571428571429,5.714285714285714,0.28571428571428586
4165,Mississippi,2020-04-09,2260,76,-42.0,-30.0,17.0,-2.0,-27.0,9.0,7.0,6.0,-38.714285714285715,-26.142857142857142,12.428571428571429,12.428571428571429,-22.714285714285715,7.142857142857143,6.428571428571429,-0.4285714285714282
4166,Mississippi,2020-04-10,2469,82,-50.0,-32.0,20.0,-9.0,-36.0,6.0,9.0,8.0,-40.285714285714285,-26.0,12.714285714285714,8.571428571428571,-23.571428571428573,7.571428571428571,7.142857142857143,-1.5714285714285718
4167,Mississippi,2020-04-11,2642,93,-32.0,-35.0,11.0,-12.0,-38.0,11.0,6.0,8.0,-40.42857142857143,-27.857142857142858,13.285714285714286,3.4285714285714284,-25.285714285714285,8.285714285714286,7.571428571428571,-3.714285714285714
4168,Mississippi,2020-04-12,2781,96,-43.0,-63.0,14.0,-50.0,-49.0,3.0,11.0,9.0,-41.57142857142857,-29.428571428571427,13.571428571428571,-1.5714285714285714,-26.428571428571427,7.571428571428571,8.285714285714286,-5.809523809523809
4169,Mississippi,2020-04-13,2942,98,-40.0,-27.0,14.0,-14.0,-28.0,2.0,3.0,7.0,-41.57142857142857,-30.285714285714285,13.857142857142858,-3.2857142857142856,-27.428571428571427,6.714285714285714,7.571428571428571,-6.57142857142857
4170,Mississippi,2020-04-14,3087,111,-39.0,-24.0,15.0,-5.0,-22.0,13.0,2.0,9.0,-41.142857142857146,-31.571428571428573,14.142857142857142,-4.714285714285714,-28.142857142857142,7.285714285714286,6.714285714285714,-7.380952380952382
4171,Mississippi,2020-04-15,3360,122,-39.0,-12.0,13.0,-1.0,-19.0,11.0,13.0,6.0,-40.714285714285715,-33.857142857142854,14.571428571428571,-7.714285714285714,-29.428571428571427,7.857142857142857,7.285714285714286,-9.0
4172,Mississippi,2020-04-16,3624,129,-38.0,-19.0,15.0,2.0,-21.0,7.0,11.0,11.0,-40.142857142857146,-35.142857142857146,15.0,-9.428571428571429,-30.285714285714285,7.571428571428571,7.857142857142857,-9.85714285714286
4173,Mississippi,2020-04-17,3793,140,-39.0,-27.0,16.0,-6.0,-29.0,11.0,7.0,3.0,-38.57142857142857,-35.714285714285715,15.571428571428571,-9.857142857142858,-31.285714285714285,8.285714285714286,7.571428571428571,-10.000000000000002
4174,Mississippi,2020-04-18,3974,152,-26.0,-29.0,10.0,-11.0,-29.0,12.0,11.0,2.0,-37.714285714285715,-34.0,15.285714285714286,-8.428571428571429,-31.428571428571427,8.428571428571429,8.285714285714286,-9.04761904761905
4175,Mississippi,2020-04-19,4274,159,-36.0,-42.0,12.0,-39.0,-41.0,7.0,12.0,13.0,-36.714285714285715,-36.857142857142854,15.714285714285714,-14.428571428571429,-33.142857142857146,9.0,8.428571428571429,-11.857142857142856
4176,Mississippi,2020-04-20,4512,169,-36.0,-18.0,13.0,0.0,-24.0,10.0,7.0,11.0,-36.142857142857146,-36.142857142857146,15.571428571428571,-15.285714285714286,-32.857142857142854,10.142857142857142,9.0,-11.952380952380954
4177,Mississippi,2020-04-21,4716,183,-37.0,-15.0,13.0,16.0,-18.0,14.0,10.0,7.0,-35.857142857142854,-34.57142857142857,15.285714285714286,-13.714285714285714,-32.285714285714285,10.285714285714286,10.142857142857142,-11.0
4178,Mississippi,2020-04-22,4894,193,-38.0,-18.0,14.0,-5.0,-21.0,10.0,14.0,11.0,-35.714285714285715,-31.857142857142858,14.857142857142858,-13.285714285714286,-31.285714285714285,10.142857142857142,10.285714285714286,-10.095238095238095
4179,Mississippi,2020-04-23,5153,201,-39.0,-25.0,16.0,-16.0,-23.0,8.0,10.0,12.0,-35.857142857142854,-30.285714285714285,14.571428571428571,-12.714285714285714,-30.428571428571427,10.285714285714286,10.142857142857142,-9.476190476190476
4180,Mississippi,2020-04-24,5434,209,-37.0,-23.0,15.0,7.0,-23.0,8.0,8.0,7.0,-35.57142857142857,-29.571428571428573,14.0,-12.285714285714286,-29.428571428571427,9.857142857142858,10.285714285714286,-9.285714285714286
4181,Mississippi,2020-04-25,5718,221,-25.0,-26.0,9.0,3.0,-25.0,12.0,8.0,10.0,-35.42857142857143,-28.714285714285715,13.857142857142858,-12.142857142857142,-28.142857142857142,9.857142857142858,9.857142857142858,-9.0
4182,Mississippi,2020-04-26,5911,227,-30.0,-22.0,8.0,17.0,-25.0,6.0,12.0,14.0,-34.57142857142857,-25.714285714285715,13.571428571428571,-10.571428571428571,-27.0,9.714285714285714,9.857142857142858,-7.571428571428572
4183,Mississippi,2020-04-27,6094,229,-34.0,-12.0,12.0,6.0,-20.0,2.0,6.0,10.0,-34.285714285714285,-24.428571428571427,13.428571428571429,-8.571428571428571,-26.428571428571427,8.571428571428571,9.714285714285714,-6.523809523809523
4184,Mississippi,2020-04-28,6342,239,-35.0,-14.0,7.0,9.0,-16.0,10.0,2.0,8.0,-34.0,-23.142857142857142,13.142857142857142,-5.571428571428571,-25.857142857142858,8.0,8.571428571428571,-5.190476190476191
4185,Mississippi,2020-04-29,6569,250,-37.0,-11.0,14.0,-7.0,-18.0,11.0,10.0,8.0,-33.857142857142854,-24.0,13.285714285714286,-6.142857142857143,-26.142857142857142,8.142857142857142,8.0,-5.6190476190476195
4186,Mississippi,2020-04-30,6815,261,-35.0,-10.0,12.0,15.0,-14.0,11.0,11.0,12.0,-33.285714285714285,-24.857142857142858,13.428571428571429,-8.714285714285714,-26.428571428571427,8.571428571428571,8.142857142857142,-6.714285714285714
4187,Mississippi,2020-05-01,7212,281,-35.0,-12.0,12.0,20.0,-16.0,20.0,11.0,6.0,-33.0,-24.285714285714285,13.285714285714286,-6.857142857142857,-25.571428571428573,10.285714285714286,8.571428571428571,-5.952380952380952
4188,Mississippi,2020-05-02,7441,291,-22.0,-16.0,6.0,28.0,-15.0,10.0,20.0,2.0,-32.57142857142857,-23.857142857142858,13.142857142857142,-4.857142857142857,-25.0,10.0,10.285714285714286,-5.190476190476191
4189,Mississippi,2020-05-03,7550,303,-26.0,-15.0,6.0,28.0,-20.0,12.0,10.0,10.0,-32.0,-21.0,12.571428571428571,3.142857142857143,-22.714285714285715,10.857142857142858,10.0,-1.761904761904762
4190,Mississippi,2020-05-04,7877,310,-31.0,-5.0,10.0,11.0,-15.0,7.0,12.0,11.0,-31.571428571428573,-20.142857142857142,12.428571428571429,4.0,-22.142857142857142,11.571428571428571,10.857142857142858,-1.238095238095238
4191,Mississippi,2020-05-05,8207,342,-33.0,-5.0,11.0,15.0,-10.0,32.0,7.0,11.0,-31.285714285714285,-20.0,11.571428571428571,3.0,-21.857142857142858,14.714285714285714,11.571428571428571,-1.8095238095238095
4192,Mississippi,2020-05-06,8424,374,-33.0,-3.0,10.0,24.0,-9.0,32.0,32.0,20.0,-30.714285714285715,-19.0,11.571428571428571,2.7142857142857144,-21.428571428571427,17.714285714285715,14.714285714285714,-1.5714285714285714
4193,Mississippi,2020-05-07,8686,396,-32.0,-8.0,11.0,29.0,-9.0,22.0,32.0,10.0,-30.285714285714285,-16.857142857142858,11.0,7.142857142857143,-20.142857142857142,19.285714285714285,17.714285714285715,0.42857142857142855
4194,Mississippi,2020-05-08,9090,409,-34.0,-20.0,15.0,-12.0,-19.0,13.0,22.0,12.0,-30.142857142857142,-15.285714285714286,10.571428571428571,9.0,-19.142857142857142,18.285714285714285,19.285714285714285,1.4285714285714282
4195,Mississippi,2020-05-09,9378,421,-19.0,-7.0,5.0,19.0,-10.0,12.0,13.0,7.0,-29.714285714285715,-13.857142857142858,10.142857142857142,12.571428571428571,-17.714285714285715,18.571428571428573,18.285714285714285,2.952380952380952
4196,Mississippi,2020-05-10,9501,430,-23.0,-11.0,3.0,39.0,-14.0,9.0,12.0,32.0,-29.285714285714285,-12.857142857142858,9.857142857142858,14.142857142857142,-17.0,18.142857142857142,18.571428571428573,3.714285714285714
4197,Mississippi,2020-05-11,9674,435,-29.0,-4.0,9.0,24.0,-9.0,5.0,9.0,32.0,-29.0,-11.857142857142858,9.571428571428571,14.857142857142858,-16.285714285714285,17.857142857142858,18.142857142857142,4.190476190476191
4198,Mississippi,2020-05-12,9908,457,-29.0,-3.0,10.0,26.0,-6.0,22.0,5.0,22.0,-28.428571428571427,-10.571428571428571,10.142857142857142,15.714285714285714,-15.428571428571429,16.428571428571427,17.857142857142858,5.095238095238095
4199,Mississippi,2020-05-13,10090,465,-30.0,1.0,9.0,34.0,-4.0,8.0,22.0,13.0,-28.0,-9.428571428571429,9.571428571428571,20.142857142857142,-14.142857142857142,13.0,16.428571428571427,6.761904761904762
4200,Mississippi,2020-05-14,10483,480,-30.0,-8.0,9.0,14.0,-9.0,15.0,8.0,12.0,-27.714285714285715,-9.142857142857142,9.428571428571429,22.142857142857142,-13.428571428571429,12.0,13.0,7.476190476190477
4201,Mississippi,2020-05-15,10801,493,-30.0,-12.0,12.0,11.0,-12.0,13.0,15.0,9.0,-27.142857142857142,-10.285714285714286,9.857142857142858,17.571428571428573,-13.857142857142858,12.0,12.0,5.714285714285715
4202,Mississippi,2020-05-16,11123,510,-17.0,-12.0,5.0,30.0,-9.0,17.0,13.0,5.0,-26.857142857142858,-9.0,9.714285714285714,16.285714285714285,-13.142857142857142,12.714285714285714,12.0,5.666666666666667
4203,Mississippi,2020-05-17,11296,521,-21.0,-12.0,6.0,11.0,-13.0,11.0,17.0,22.0,-26.571428571428573,-8.428571428571429,9.285714285714286,17.857142857142858,-12.285714285714286,13.0,12.714285714285714,6.238095238095238
4204,Mississippi,2020-05-18,11432,527,-27.0,0.0,9.0,16.0,-8.0,6.0,11.0,8.0,-26.285714285714285,-8.285714285714286,9.142857142857142,19.714285714285715,-11.428571428571429,13.142857142857142,13.0,6.857142857142857
4205,Mississippi,2020-05-19,11704,554,-28.0,0.0,9.0,34.0,-5.0,27.0,6.0,15.0,-26.142857142857142,-8.0,9.0,21.285714285714285,-10.857142857142858,13.857142857142858,13.142857142857142,7.428571428571428
4206,Mississippi,2020-05-20,11967,570,-28.0,3.0,9.0,38.0,-1.0,16.0,27.0,13.0,-25.857142857142858,-7.428571428571429,8.857142857142858,22.714285714285715,-10.142857142857142,15.0,13.857142857142858,8.04761904761905
4207,Mississippi,2020-05-21,12222,580,-28.0,-1.0,9.0,41.0,-1.0,10.0,16.0,17.0,-25.571428571428573,-7.428571428571429,8.571428571428571,20.571428571428573,-10.142857142857142,14.285714285714286,15.0,7.238095238095238
4208,Mississippi,2020-05-22,12625,595,-30.0,-7.0,9.0,34.0,-2.0,15.0,10.0,11.0,-25.571428571428573,-6.285714285714286,8.142857142857142,23.857142857142858,-9.142857142857142,14.571428571428571,14.285714285714286,8.571428571428571
4209,Mississippi,2020-05-23,13005,616,-16.0,-9.0,4.0,45.0,-2.0,21.0,15.0,6.0,-25.428571428571427,-7.0,8.142857142857142,25.428571428571427,-9.0,15.142857142857142,14.571428571428571,8.857142857142856
4210,Mississippi,2020-05-24,13260,625,-20.0,-4.0,3.0,69.0,-10.0,9.0,21.0,27.0,-25.285714285714285,-7.142857142857143,8.571428571428571,21.428571428571427,-8.857142857142858,14.857142857142858,15.142857142857142,7.619047619047618
4211,Mississippi,2020-05-25,13458,635,-63.0,-16.0,17.0,48.0,-18.0,10.0,9.0,16.0,-30.428571428571427,-6.571428571428571,8.571428571428571,20.285714285714285,-8.714285714285714,15.428571428571429,14.857142857142858,7.428571428571428
4212,Mississippi,2020-05-26,13731,652,-28.0,-3.0,9.0,13.0,-6.0,17.0,10.0,10.0,-30.428571428571427,-6.142857142857143,8.428571428571429,21.428571428571427,-8.571428571428571,14.0,15.428571428571429,7.904761904761904
4213,Mississippi,2020-05-27,14044,670,-28.0,1.0,9.0,22.0,-2.0,18.0,17.0,15.0,-30.428571428571427,-5.857142857142857,8.428571428571429,22.0,-8.142857142857142,14.285714285714286,14.0,8.190476190476192
4214,Mississippi,2020-05-28,14372,693,-26.0,-2.0,9.0,33.0,-1.0,23.0,18.0,21.0,-30.142857142857142,-4.857142857142857,8.428571428571429,25.857142857142858,-7.0,16.142857142857142,14.285714285714286,9.80952380952381
4215,Mississippi,2020-05-29,14793,710,-26.0,-7.0,9.0,34.0,-2.0,17.0,23.0,9.0,-29.571428571428573,-4.142857142857143,8.0,29.142857142857142,-5.571428571428571,16.428571428571427,16.142857142857142,11.0
4216,Mississippi,2020-05-30,15229,723,-8.0,-6.0,3.0,55.0,5.0,13.0,17.0,10.0,-28.428571428571427,-3.7142857142857144,7.857142857142857,31.285714285714285,-4.571428571428571,15.285714285714286,16.428571428571427,11.80952380952381
4217,Mississippi,2020-05-31,15523,734,-13.0,-2.0,3.0,59.0,1.0,11.0,13.0,17.0,-27.428571428571427,-2.5714285714285716,7.428571428571429,39.57142857142857,-4.142857142857143,15.571428571428571,15.285714285714286,14.80952380952381
4218,Mississippi,2020-06-01,15752,739,-24.0,8.0,6.0,40.0,0.0,5.0,11.0,18.0,-21.857142857142858,-4.857142857142857,8.571428571428571,44.142857142857146,-5.571428571428571,14.857142857142858,15.571428571428571,15.952380952380954
4219,Mississippi,2020-06-02,16041,767,-25.0,5.0,7.0,43.0,3.0,28.0,5.0,23.0,-21.428571428571427,-5.285714285714286,8.571428571428571,41.142857142857146,-5.714285714285714,16.428571428571427,14.857142857142858,14.80952380952381
4220,Mississippi,2020-06-03,16322,782,-26.0,9.0,7.0,32.0,2.0,15.0,28.0,17.0,-21.142857142857142,-5.571428571428571,8.571428571428571,38.857142857142854,-5.857142857142857,16.0,16.428571428571427,13.95238095238095
4221,Mississippi,2020-06-04,16560,794,-25.0,1.0,7.0,38.0,3.0,12.0,15.0,13.0,-21.0,-5.714285714285714,8.571428571428571,37.714285714285715,-5.857142857142857,14.428571428571429,16.0,13.523809523809524
4222,Mississippi,2020-06-05,16769,803,-27.0,-7.0,8.0,33.0,-2.0,9.0,12.0,11.0,-21.142857142857142,-5.714285714285714,8.571428571428571,37.714285714285715,-5.857142857142857,13.285714285714286,14.428571428571429,13.523809523809524
4223,Mississippi,2020-06-06,17039,811,-9.0,-5.0,3.0,47.0,6.0,8.0,9.0,5.0,-21.285714285714285,-5.285714285714286,8.428571428571429,39.142857142857146,-4.857142857142857,12.571428571428571,13.285714285714286,14.095238095238097
4224,Mississippi,2020-06-07,17270,817,-19.0,-15.0,6.0,9.0,-9.0,6.0,8.0,28.0,-22.142857142857142,-5.0,8.428571428571429,37.714285714285715,-3.2857142857142856,11.857142857142858,12.571428571428571,13.714285714285715
4225,Mississippi,2020-06-08,17768,837,-29.0,-8.0,11.0,-16.0,-11.0,20.0,6.0,15.0,-22.857142857142858,-1.5714285714285714,6.857142857142857,36.57142857142857,-0.7142857142857143,14.0,11.857142857142858,13.95238095238095
4226,Mississippi,2020-06-09,18123,847,-25.0,2.0,8.0,19.0,0.0,10.0,20.0,12.0,-22.857142857142858,-0.42857142857142855,6.571428571428571,40.857142857142854,0.5714285714285714,11.428571428571429,14.0,15.666666666666666
4227,Mississippi,2020-06-10,18483,868,-26.0,7.0,7.0,38.0,4.0,21.0,10.0,9.0,-22.857142857142858,0.7142857142857143,6.285714285714286,42.285714285714285,1.1428571428571428,12.285714285714286,11.428571428571429,16.428571428571427
4228,Mississippi,2020-06-11,18483,868,-25.0,2.0,6.0,55.0,3.0,0.0,21.0,8.0,-22.857142857142858,1.1428571428571428,6.0,43.0,1.7142857142857142,10.571428571428571,12.285714285714286,16.71428571428571
4229,Mississippi,2020-06-12,19091,881,-26.0,-4.0,6.0,50.0,2.0,13.0,0.0,6.0,-22.714285714285715,1.1428571428571428,5.857142857142857,42.857142857142854,1.7142857142857142,11.142857142857142,10.571428571428571,16.619047619047617
4230,Mississippi,2020-06-13,19348,889,-8.0,-3.0,2.0,69.0,8.0,8.0,13.0,20.0,-22.571428571428573,1.2857142857142858,5.857142857142857,41.714285714285715,1.8571428571428572,11.142857142857142,11.142857142857142,16.28571428571429
4231,Mississippi,2020-06-14,19516,891,-13.0,-1.0,2.0,66.0,6.0,2.0,8.0,10.0,-21.714285714285715,-0.5714285714285714,6.285714285714286,34.57142857142857,0.42857142857142855,10.571428571428571,11.142857142857142,13.428571428571429
