,CountryOrState,Date,confirmed,deaths,work,retail,residential,parks,transit,dDeaths,dDeaths_1,dDeaths_5,aWork,aRetail,aResidential,aParks,aTransit,adDeaths,adDeaths_1,mob_idx
3858,Michigan,2020-03-25,2468,51,-58.0,-53.0,23.0,66.0,-46.0,20.0,13.0,1.0,-40.857142857142854,-14.428571428571429,6.428571428571429,29.571428571428573,-10.571428571428571,7.0,4.285714285714286,7.190476190476191
3859,Michigan,2020-03-26,3032,71,-59.0,-56.0,25.0,12.0,-51.0,20.0,20.0,3.0,-44.42857142857143,-20.285714285714285,8.428571428571429,26.857142857142858,-15.142857142857142,9.857142857142858,7.0,5.000000000000001
3860,Michigan,2020-03-27,3848,107,-58.0,-58.0,27.0,22.0,-52.0,36.0,20.0,6.0,-47.42857142857143,-25.428571428571427,10.428571428571429,25.428571428571427,-19.285714285714285,14.857142857142858,9.857142857142858,3.4761904761904763
3861,Michigan,2020-03-28,4890,130,-44.0,-63.0,17.0,-22.0,-56.0,23.0,36.0,6.0,-50.0,-30.142857142857142,11.428571428571429,27.857142857142858,-23.142857142857142,17.714285714285715,14.857142857142858,3.0476190476190474
3862,Michigan,2020-03-29,5753,157,-43.0,-58.0,12.0,15.0,-55.0,27.0,23.0,13.0,-51.714285714285715,-35.285714285714285,12.285714285714286,22.285714285714285,-27.857142857142858,20.714285714285715,17.714285714285715,-0.23809523809523844
3863,Michigan,2020-03-30,6803,213,-60.0,-54.0,24.0,-10.0,-55.0,56.0,27.0,20.0,-54.142857142857146,-37.714285714285715,13.428571428571429,20.285714285714285,-31.142857142857142,27.857142857142858,20.714285714285715,-1.3333333333333333
3864,Michigan,2020-03-31,7951,292,-61.0,-53.0,25.0,-3.0,-52.0,79.0,56.0,20.0,-54.714285714285715,-42.0,15.428571428571429,14.285714285714286,-35.57142857142857,37.285714285714285,27.857142857142858,-4.095238095238094
3865,Michigan,2020-04-01,9717,370,-61.0,-50.0,25.0,21.0,-49.0,78.0,79.0,36.0,-55.142857142857146,-44.857142857142854,16.857142857142858,22.285714285714285,-38.714285714285715,45.57142857142857,37.285714285714285,-1.904761904761904
3866,Michigan,2020-04-02,11230,453,-61.0,-49.0,24.0,99.0,-48.0,83.0,78.0,23.0,-55.42857142857143,-48.0,18.285714285714285,22.714285714285715,-41.714285714285715,54.57142857142857,45.57142857142857,-2.3333333333333335
3867,Michigan,2020-04-03,13221,518,-61.0,-52.0,26.0,68.0,-49.0,65.0,83.0,27.0,-55.857142857142854,-50.42857142857143,19.571428571428573,26.142857142857142,-44.57142857142857,58.714285714285715,54.57142857142857,-1.5714285714285718
3868,Michigan,2020-04-04,14735,585,-45.0,-60.0,17.0,2.0,-54.0,67.0,65.0,56.0,-56.0,-52.857142857142854,20.428571428571427,18.285714285714285,-48.0,65.0,58.714285714285715,-4.714285714285715
3869,Michigan,2020-04-05,16268,675,-44.0,-55.0,11.0,92.0,-53.0,90.0,67.0,79.0,-56.142857142857146,-54.42857142857143,20.857142857142858,13.571428571428571,-50.0,74.0,65.0,-6.666666666666667
3870,Michigan,2020-04-06,17820,793,-61.0,-51.0,24.0,48.0,-53.0,118.0,90.0,78.0,-56.285714285714285,-57.285714285714285,21.857142857142858,12.285714285714286,-52.142857142857146,82.85714285714286,74.0,-7.714285714285715
3871,Michigan,2020-04-07,19644,917,-63.0,-54.0,25.0,23.0,-54.0,124.0,118.0,83.0,-56.57142857142857,-56.42857142857143,21.857142857142858,11.428571428571429,-52.42857142857143,89.28571428571429,82.85714285714286,-7.714285714285713
3872,Michigan,2020-04-08,21076,1037,-62.0,-49.0,24.0,76.0,-48.0,120.0,124.0,65.0,-56.714285714285715,-56.0,22.142857142857142,5.0,-52.857142857142854,95.28571428571429,89.28571428571429,-9.61904761904762
3873,Michigan,2020-04-09,22297,1164,-63.0,-53.0,26.0,-11.0,-56.0,127.0,120.0,67.0,-57.0,-55.0,22.0,17.428571428571427,-52.42857142857143,101.57142857142857,95.28571428571429,-5.190476190476191
3874,Michigan,2020-04-10,23279,1371,-65.0,-57.0,30.0,-15.0,-58.0,207.0,127.0,90.0,-57.57142857142857,-54.142857142857146,21.857142857142858,24.0,-52.0,121.85714285714286,101.57142857142857,-2.761904761904764
3875,Michigan,2020-04-11,24500,1487,-45.0,-58.0,16.0,59.0,-51.0,116.0,207.0,118.0,-57.57142857142857,-53.714285714285715,21.857142857142858,27.428571428571427,-51.714285714285715,128.85714285714286,121.85714285714286,-1.476190476190477
3876,Michigan,2020-04-12,25183,1592,-51.0,-74.0,13.0,17.0,-60.0,105.0,116.0,124.0,-58.57142857142857,-53.285714285714285,21.714285714285715,38.42857142857143,-51.42857142857143,131.0,128.85714285714286,2.285714285714287
3877,Michigan,2020-04-13,26622,1724,-61.0,-57.0,25.0,-22.0,-59.0,132.0,105.0,120.0,-58.57142857142857,-52.857142857142854,21.714285714285715,46.714285714285715,-51.142857142857146,133.0,131.0,5.1904761904761925
3878,Michigan,2020-04-14,28042,1899,-61.0,-53.0,26.0,-9.0,-55.0,175.0,132.0,127.0,-58.285714285714285,-53.0,21.714285714285715,50.42857142857143,-51.42857142857143,140.28571428571428,133.0,6.380952380952382
3879,Michigan,2020-04-15,29144,2056,-60.0,-48.0,25.0,-18.0,-52.0,157.0,175.0,207.0,-58.0,-52.857142857142854,21.571428571428573,58.285714285714285,-51.285714285714285,145.57142857142858,140.28571428571428,9.000000000000002
3880,Michigan,2020-04-16,29966,2136,-60.0,-48.0,25.0,0.0,-53.0,80.0,157.0,116.0,-57.57142857142857,-53.42857142857143,21.857142857142858,42.57142857142857,-52.42857142857143,138.85714285714286,145.57142857142858,3.6666666666666656
3881,Michigan,2020-04-17,31225,2375,-60.0,-57.0,29.0,-26.0,-58.0,239.0,80.0,105.0,-56.857142857142854,-54.142857142857146,22.428571428571427,30.714285714285715,-53.714285714285715,143.42857142857142,138.85714285714286,-0.33333333333333454
3882,Michigan,2020-04-18,32031,2460,-40.0,-53.0,15.0,59.0,-49.0,85.0,239.0,132.0,-56.142857142857146,-53.857142857142854,22.285714285714285,38.857142857142854,-53.285714285714285,139.0,143.42857142857142,2.4285714285714284
3883,Michigan,2020-04-19,32688,2551,-41.0,-50.0,11.0,80.0,-54.0,91.0,85.0,175.0,-54.714285714285715,-56.57142857142857,22.571428571428573,28.142857142857142,-54.285714285714285,137.0,139.0,-1.9523809523809526
3884,Michigan,2020-04-20,33324,2637,-58.0,-44.0,22.0,52.0,-50.0,86.0,91.0,157.0,-54.285714285714285,-57.42857142857143,22.714285714285715,18.142857142857142,-55.142857142857146,130.42857142857142,137.0,-5.523809523809525
3885,Michigan,2020-04-21,34048,2746,-60.0,-49.0,25.0,-11.0,-53.0,109.0,86.0,80.0,-54.142857142857146,-57.285714285714285,22.857142857142858,13.571428571428571,-55.285714285714285,121.0,130.42857142857142,-6.952380952380953
3886,Michigan,2020-04-22,35404,2987,-59.0,-48.0,25.0,-9.0,-53.0,241.0,109.0,239.0,-54.0,-57.142857142857146,23.0,0.14285714285714285,-55.857142857142854,133.0,121.0,-11.333333333333334
3887,Michigan,2020-04-23,36845,3157,-59.0,-49.0,26.0,-10.0,-55.0,170.0,241.0,85.0,-53.857142857142854,-56.42857142857143,22.857142857142858,1.7142857142857142,-55.42857142857143,145.85714285714286,133.0,-10.619047619047619
3888,Michigan,2020-04-24,38330,3267,-58.0,-50.0,26.0,39.0,-51.0,110.0,170.0,91.0,-53.57142857142857,-56.42857142857143,22.714285714285715,0.14285714285714285,-55.42857142857143,127.42857142857143,145.85714285714286,-11.19047619047619
3889,Michigan,2020-04-25,38789,3339,-40.0,-50.0,14.0,58.0,-47.0,72.0,110.0,86.0,-53.57142857142857,-55.714285714285715,22.571428571428573,0.14285714285714285,-55.142857142857146,125.57142857142857,127.42857142857143,-10.999999999999998
3890,Michigan,2020-04-26,39540,3505,-39.0,-42.0,9.0,134.0,-48.0,166.0,72.0,109.0,-53.285714285714285,-52.285714285714285,22.285714285714285,9.142857142857142,-54.285714285714285,136.28571428571428,125.57142857142857,-6.9523809523809526
3891,Michigan,2020-04-27,40034,3598,-56.0,-37.0,21.0,64.0,-46.0,93.0,166.0,241.0,-53.0,-50.42857142857143,21.857142857142858,19.714285714285715,-53.0,137.28571428571428,136.28571428571428,-2.9523809523809526
3892,Michigan,2020-04-28,41166,3766,-57.0,-35.0,15.0,103.0,-41.0,168.0,93.0,170.0,-52.57142857142857,-49.857142857142854,21.714285714285715,19.428571428571427,-52.714285714285715,145.71428571428572,137.28571428571428,-2.9047619047619038
3893,Michigan,2020-04-29,42379,3869,-58.0,-40.0,23.0,-4.0,-48.0,103.0,168.0,110.0,-52.42857142857143,-49.857142857142854,21.714285714285715,20.714285714285715,-52.857142857142854,126.0,145.71428571428572,-2.4761904761904745
3894,Michigan,2020-04-30,43478,3991,-57.0,-39.0,23.0,6.0,-48.0,122.0,103.0,72.0,-52.142857142857146,-50.0,21.857142857142858,19.285714285714285,-53.142857142857146,119.14285714285714,126.0,-2.9523809523809526
3895,Michigan,2020-05-01,44524,4069,-55.0,-37.0,22.0,105.0,-38.0,78.0,122.0,166.0,-51.714285714285715,-49.0,21.428571428571427,28.571428571428573,-52.142857142857146,114.57142857142857,119.14285714285714,0.3333333333333333
3896,Michigan,2020-05-02,45424,4224,-35.0,-38.0,10.0,160.0,-31.0,155.0,78.0,93.0,-51.0,-48.57142857142857,21.285714285714285,28.428571428571427,-51.857142857142854,126.42857142857143,114.57142857142857,0.38095238095238076
3897,Michigan,2020-05-03,46047,4258,-33.0,-30.0,6.0,204.0,-35.0,34.0,155.0,168.0,-50.142857142857146,-47.42857142857143,21.0,36.142857142857146,-51.0,107.57142857142857,126.42857142857143,3.2380952380952386
3898,Michigan,2020-05-04,46348,4345,-53.0,-30.0,19.0,72.0,-42.0,87.0,34.0,103.0,-49.714285714285715,-46.42857142857143,20.857142857142858,37.857142857142854,-50.42857142857143,106.71428571428571,107.57142857142857,4.095238095238094
3899,Michigan,2020-05-05,46914,4391,-54.0,-31.0,20.0,41.0,-40.0,46.0,87.0,122.0,-49.285714285714285,-44.42857142857143,19.428571428571427,54.142857142857146,-48.714285714285715,89.28571428571429,106.71428571428571,9.714285714285714
3900,Michigan,2020-05-06,47738,4465,-53.0,-29.0,19.0,105.0,-36.0,74.0,46.0,78.0,-48.57142857142857,-43.285714285714285,19.142857142857142,54.857142857142854,-48.0,85.14285714285714,89.28571428571429,10.238095238095237
3901,Michigan,2020-05-07,48412,4556,-53.0,-31.0,20.0,90.0,-37.0,91.0,74.0,155.0,-48.0,-41.857142857142854,18.714285714285715,57.142857142857146,-47.0,80.71428571428571,85.14285714285714,11.333333333333336
3902,Michigan,2020-05-08,49170,4614,-52.0,-40.0,23.0,17.0,-42.0,58.0,91.0,34.0,-47.57142857142857,-40.0,18.142857142857142,66.57142857142857,-45.142857142857146,77.85714285714286,80.71428571428571,14.904761904761903
3903,Michigan,2020-05-09,49676,4757,-32.0,-37.0,11.0,55.0,-34.0,143.0,58.0,87.0,-47.142857142857146,-38.285714285714285,17.571428571428573,81.14285714285714,-42.857142857142854,76.14285714285714,77.85714285714286,20.142857142857142
3904,Michigan,2020-05-10,50086,4783,-31.0,-33.0,7.0,33.0,-39.0,26.0,143.0,46.0,-46.857142857142854,-36.57142857142857,17.142857142857142,91.14285714285714,-41.0,75.0,76.14285714285714,23.9047619047619
3905,Michigan,2020-05-11,50631,4812,-50.0,-36.0,19.0,30.0,-42.0,29.0,26.0,74.0,-46.42857142857143,-35.57142857142857,16.857142857142858,92.28571428571429,-40.42857142857143,66.71428571428571,75.0,24.52380952380953
3906,Michigan,2020-05-12,51263,4904,-50.0,-29.0,18.0,96.0,-33.0,92.0,29.0,91.0,-45.857142857142854,-35.0,17.571428571428573,83.42857142857143,-40.285714285714285,73.28571428571429,66.71428571428571,22.0
3907,Michigan,2020-05-13,51819,4945,-50.0,-24.0,17.0,125.0,-31.0,41.0,92.0,58.0,-45.42857142857143,-33.42857142857143,17.0,99.0,-38.57142857142857,68.57142857142857,73.28571428571429,27.523809523809522
3908,Michigan,2020-05-14,53167,5019,-51.0,-36.0,21.0,9.0,-43.0,74.0,41.0,143.0,-45.142857142857146,-32.285714285714285,16.571428571428573,111.0,-37.0,66.14285714285714,68.57142857142857,31.761904761904763
3909,Michigan,2020-05-15,53810,5058,-49.0,-36.0,20.0,82.0,-37.0,39.0,74.0,26.0,-44.714285714285715,-32.714285714285715,16.714285714285715,98.42857142857143,-37.57142857142857,63.42857142857143,66.14285714285714,27.476190476190478
3910,Michigan,2020-05-16,54315,5114,-28.0,-34.0,8.0,180.0,-24.0,56.0,39.0,29.0,-44.142857142857146,-32.57142857142857,16.857142857142858,83.42857142857143,-38.0,51.0,63.42857142857143,22.571428571428573
3911,Michigan,2020-05-17,54963,5124,-30.0,-37.0,9.0,17.0,-43.0,10.0,56.0,92.0,-44.0,-33.0,17.0,59.0,-38.57142857142857,48.714285714285715,51.0,14.333333333333334
3912,Michigan,2020-05-18,55855,5148,-46.0,-34.0,19.0,8.0,-46.0,24.0,10.0,41.0,-43.42857142857143,-33.857142857142854,17.0,53.0,-38.57142857142857,48.0,48.714285714285715,12.04761904761905
3913,Michigan,2020-05-19,56465,5250,-46.0,-27.0,17.0,63.0,-36.0,102.0,24.0,74.0,-42.857142857142854,-33.57142857142857,16.714285714285715,60.857142857142854,-37.57142857142857,49.42857142857143,48.0,14.666666666666666
3914,Michigan,2020-05-20,57322,5296,-46.0,-19.0,15.0,147.0,-26.0,46.0,102.0,39.0,-42.285714285714285,-32.857142857142854,16.428571428571427,63.714285714285715,-36.857142857142854,50.142857142857146,49.42857142857143,15.761904761904765
3915,Michigan,2020-05-21,57988,5366,-46.0,-20.0,15.0,156.0,-26.0,70.0,46.0,56.0,-41.57142857142857,-33.57142857142857,16.571428571428573,52.142857142857146,-37.714285714285715,49.57142857142857,50.142857142857146,11.714285714285717
3916,Michigan,2020-05-22,58543,5395,-47.0,-31.0,17.0,111.0,-30.0,29.0,70.0,10.0,-41.285714285714285,-33.0,16.142857142857142,61.42857142857143,-37.0,48.142857142857146,49.57142857142857,14.857142857142856
3917,Michigan,2020-05-23,59046,5460,-25.0,-31.0,6.0,223.0,-19.0,65.0,29.0,24.0,-40.857142857142854,-32.57142857142857,15.714285714285714,79.28571428571429,-35.57142857142857,49.42857142857143,48.142857142857146,20.809523809523814
3918,Michigan,2020-05-24,59395,5466,-26.0,-20.0,2.0,288.0,-23.0,6.0,65.0,102.0,-40.285714285714285,-33.142857142857146,16.0,77.0,-36.142857142857146,48.857142857142854,49.42857142857143,19.952380952380953
3919,Michigan,2020-05-25,59621,5479,-76.0,-31.0,20.0,228.0,-42.0,13.0,6.0,46.0,-44.57142857142857,-32.857142857142854,16.0,73.85714285714286,-36.714285714285715,47.285714285714285,48.857142857142854,19.000000000000004
3920,Michigan,2020-05-26,59974,5506,-44.0,-21.0,14.0,126.0,-27.0,27.0,13.0,70.0,-44.285714285714285,-32.57142857142857,15.857142857142858,69.14285714285714,-37.142857142857146,36.57142857142857,47.285714285714285,17.476190476190478
3921,Michigan,2020-05-27,60592,5574,-43.0,-21.0,15.0,118.0,-28.0,68.0,27.0,29.0,-43.857142857142854,-31.857142857142858,15.571428571428571,72.28571428571429,-36.42857142857143,39.714285714285715,36.57142857142857,18.666666666666668
3922,Michigan,2020-05-28,61116,5612,-43.0,-22.0,16.0,78.0,-30.0,38.0,68.0,65.0,-43.42857142857143,-29.571428571428573,14.714285714285714,93.28571428571429,-34.0,35.142857142857146,39.714285714285715,26.142857142857142
3923,Michigan,2020-05-29,61833,5646,-41.0,-30.0,17.0,98.0,-29.0,34.0,38.0,6.0,-42.57142857142857,-28.857142857142858,14.285714285714286,97.42857142857143,-33.0,35.857142857142854,35.142857142857146,27.61904761904762
3924,Michigan,2020-05-30,62225,5704,-14.0,-27.0,6.0,184.0,-17.0,58.0,34.0,13.0,-41.0,-28.428571428571427,14.0,103.57142857142857,-32.285714285714285,34.857142857142854,35.857142857142854,29.71428571428571
3925,Michigan,2020-05-31,62711,5731,-14.0,-19.0,3.0,223.0,-23.0,27.0,58.0,27.0,-39.285714285714285,-26.0,13.0,142.28571428571428,-29.428571428571427,37.857142857142854,34.857142857142854,43.095238095238095
3926,Michigan,2020-06-01,62928,5758,-39.0,-16.0,12.0,116.0,-27.0,27.0,27.0,68.0,-34.0,-25.571428571428573,13.142857142857142,173.71428571428572,-28.857142857142858,39.857142857142854,37.857142857142854,53.76190476190476
3927,Michigan,2020-06-02,63240,5795,-39.0,-17.0,13.0,168.0,-23.0,37.0,27.0,38.0,-33.285714285714285,-24.714285714285715,12.714285714285714,182.71428571428572,-27.571428571428573,41.285714285714285,39.857142857142854,56.904761904761905
3928,Michigan,2020-06-03,63657,5813,-39.0,-13.0,12.0,147.0,-22.0,18.0,37.0,34.0,-32.714285714285715,-25.0,12.714285714285714,178.57142857142858,-27.857142857142858,34.142857142857146,41.285714285714285,55.42857142857144
3929,Michigan,2020-06-04,63979,5839,-39.0,-15.0,12.0,180.0,-24.0,26.0,18.0,58.0,-32.142857142857146,-25.285714285714285,12.857142857142858,167.42857142857142,-28.428571428571427,32.42857142857143,34.142857142857146,51.666666666666664
3930,Michigan,2020-06-05,64821,5909,-39.0,-24.0,13.0,160.0,-24.0,70.0,26.0,27.0,-31.857142857142858,-25.142857142857142,12.857142857142858,165.57142857142858,-28.285714285714285,37.57142857142857,32.42857142857143,51.0952380952381
3931,Michigan,2020-06-06,64914,5916,-13.0,-23.0,3.0,285.0,-14.0,7.0,70.0,27.0,-31.714285714285715,-24.571428571428573,12.857142857142858,160.0,-28.0,30.285714285714285,37.57142857142857,49.42857142857142
3932,Michigan,2020-06-07,64969,5927,-14.0,-13.0,1.0,299.0,-17.0,11.0,7.0,37.0,-31.714285714285715,-24.428571428571427,13.0,150.71428571428572,-28.0,28.0,30.285714285714285,46.42857142857144
3933,Michigan,2020-06-08,65104,5942,-36.0,-8.0,10.0,189.0,-24.0,15.0,11.0,18.0,-31.285714285714285,-22.285714285714285,11.857142857142858,134.71428571428572,-25.857142857142858,26.285714285714285,28.0,41.42857142857143
3934,Michigan,2020-06-09,65167,5951,-38.0,-11.0,11.0,169.0,-25.0,9.0,15.0,26.0,-31.142857142857142,-21.714285714285715,11.714285714285714,140.71428571428572,-25.285714285714285,22.285714285714285,26.285714285714285,43.57142857142858
3935,Michigan,2020-06-10,65182,5952,-39.0,-14.0,13.0,74.0,-28.0,1.0,9.0,70.0,-31.142857142857142,-20.571428571428573,11.285714285714286,144.85714285714286,-24.428571428571427,19.857142857142858,22.285714285714285,45.1904761904762
3936,Michigan,2020-06-11,65449,5985,-37.0,-5.0,10.0,181.0,-20.0,33.0,1.0,7.0,-30.857142857142858,-19.571428571428573,10.714285714285714,159.42857142857142,-23.571428571428573,20.857142857142858,19.857142857142858,50.19047619047618
3937,Michigan,2020-06-12,65672,5990,-37.0,-16.0,11.0,173.0,-18.0,5.0,33.0,11.0,-30.571428571428573,-18.714285714285715,10.142857142857142,168.28571428571428,-22.857142857142858,11.571428571428571,20.857142857142858,53.238095238095234
3938,Michigan,2020-06-13,65836,6013,-7.0,-14.0,2.0,268.0,-5.0,23.0,5.0,15.0,-29.714285714285715,-18.142857142857142,9.714285714285714,182.71428571428572,-22.428571428571427,13.857142857142858,11.571428571428571,58.0952380952381
3939,Michigan,2020-06-14,66054,6016,-9.0,-5.0,0.0,314.0,-9.0,3.0,23.0,9.0,-29.0,-17.285714285714285,9.428571428571429,193.57142857142858,-21.571428571428573,12.714285714285714,13.857142857142858,61.904761904761905
