,CountryOrState,Date,confirmed,deaths,work,retail,residential,parks,transit,dDeaths,dDeaths_1,dDeaths_5,aWork,aRetail,aResidential,aParks,aTransit,adDeaths,adDeaths_1,mob_idx
3720,Massachusetts,2020-04-02,8966,154,-59.0,-50.0,27.0,-30.0,-73.0,32.0,33.0,9.0,-53.142857142857146,-44.285714285714285,20.0,14.142857142857142,-62.42857142857143,18.428571428571427,15.285714285714286,-3.380952380952381
3721,Massachusetts,2020-04-03,10402,192,-59.0,-54.0,30.0,-54.0,-74.0,38.0,32.0,4.0,-53.714285714285715,-46.285714285714285,20.857142857142858,17.857142857142858,-64.0,22.428571428571427,18.428571428571427,-2.5238095238095233
3722,Massachusetts,2020-04-04,11736,216,-43.0,-53.0,16.0,29.0,-64.0,24.0,38.0,8.0,-54.0,-47.714285714285715,21.285714285714285,15.857142857142858,-65.85714285714286,24.571428571428573,22.428571428571427,-3.523809523809524
3723,Massachusetts,2020-04-05,12500,231,-42.0,-53.0,14.0,25.0,-68.0,15.0,24.0,33.0,-54.0,-49.57142857142857,21.857142857142858,4.714285714285714,-67.85714285714286,26.142857142857142,24.571428571428573,-7.666666666666665
3724,Massachusetts,2020-04-06,13837,260,-59.0,-44.0,23.0,51.0,-69.0,29.0,15.0,33.0,-54.142857142857146,-50.857142857142854,22.285714285714285,5.428571428571429,-68.71428571428571,29.142857142857142,26.142857142857142,-7.714285714285713
3725,Massachusetts,2020-04-07,15202,356,-60.0,-46.0,25.0,41.0,-70.0,96.0,29.0,32.0,-54.42857142857143,-50.42857142857143,22.428571428571427,7.285714285714286,-68.85714285714286,38.142857142857146,29.142857142857142,-6.904761904761906
3726,Massachusetts,2020-04-08,16790,433,-61.0,-51.0,26.0,-13.0,-73.0,77.0,96.0,38.0,-54.714285714285715,-49.57142857142857,22.285714285714285,10.0,-68.71428571428571,44.42857142857143,38.142857142857146,-5.761904761904762
3727,Massachusetts,2020-04-09,18941,503,-61.0,-54.0,28.0,-42.0,-75.0,70.0,77.0,24.0,-55.0,-50.0,22.571428571428573,-0.2857142857142857,-69.42857142857143,49.857142857142854,44.42857142857143,-9.238095238095237
3728,Massachusetts,2020-04-10,20974,599,-61.0,-50.0,29.0,-25.0,-73.0,96.0,70.0,15.0,-55.285714285714285,-50.857142857142854,23.142857142857142,-14.571428571428571,-70.42857142857143,58.142857142857146,49.857142857142854,-14.095238095238095
3729,Massachusetts,2020-04-11,22860,686,-44.0,-49.0,16.0,33.0,-64.0,87.0,96.0,29.0,-55.42857142857143,-51.0,23.285714285714285,-18.571428571428573,-70.57142857142857,67.14285714285714,58.142857142857146,-15.42857142857143
3730,Massachusetts,2020-04-12,25475,756,-48.0,-67.0,14.0,21.0,-69.0,70.0,87.0,96.0,-56.285714285714285,-50.142857142857146,23.0,-7.0,-69.85714285714286,75.0,67.14285714285714,-11.380952380952381
3731,Massachusetts,2020-04-13,26867,844,-61.0,-58.0,27.0,-55.0,-77.0,88.0,70.0,77.0,-56.57142857142857,-49.42857142857143,22.857142857142858,4.285714285714286,-69.42857142857143,83.42857142857143,75.0,-7.42857142857143
3732,Massachusetts,2020-04-14,28164,844,-59.0,-45.0,24.0,25.0,-69.0,0.0,88.0,70.0,-56.42857142857143,-49.42857142857143,22.857142857142858,8.571428571428571,-69.57142857142857,69.71428571428571,83.42857142857143,-6.0
3733,Massachusetts,2020-04-15,29919,1108,-59.0,-45.0,25.0,2.0,-70.0,264.0,0.0,96.0,-56.142857142857146,-50.142857142857146,23.0,7.0,-70.14285714285714,96.42857142857143,69.71428571428571,-6.714285714285715
3734,Massachusetts,2020-04-16,32181,1108,-59.0,-47.0,26.0,-7.0,-71.0,0.0,264.0,87.0,-55.857142857142854,-50.714285714285715,23.142857142857142,5.285714285714286,-70.42857142857143,86.42857142857143,96.42857142857143,-7.42857142857143
3735,Massachusetts,2020-04-17,34985,1245,-58.0,-48.0,27.0,-7.0,-70.0,137.0,0.0,70.0,-55.42857142857143,-50.142857142857146,23.0,9.428571428571429,-70.28571428571429,92.28571428571429,86.42857142857143,-5.904761904761905
3736,Massachusetts,2020-04-18,36963,1404,-45.0,-59.0,19.0,-44.0,-70.0,159.0,137.0,88.0,-55.57142857142857,-49.57142857142857,23.0,10.0,-70.28571428571429,102.57142857142857,92.28571428571429,-5.523809523809523
3737,Massachusetts,2020-04-19,38674,1706,-39.0,-45.0,12.0,62.0,-62.0,302.0,159.0,0.0,-54.285714285714285,-51.57142857142857,23.0,9.428571428571429,-70.42857142857143,135.71428571428572,102.57142857142857,-6.38095238095238
3738,Massachusetts,2020-04-20,40252,1706,-62.0,-45.0,25.0,5.0,-72.0,0.0,302.0,264.0,-54.42857142857143,-53.57142857142857,23.571428571428573,-5.714285714285714,-71.57142857142857,123.14285714285714,135.71428571428572,-11.904761904761903
3739,Massachusetts,2020-04-21,41832,1961,-59.0,-50.0,26.0,-28.0,-72.0,255.0,0.0,0.0,-54.42857142857143,-53.42857142857143,23.428571428571427,-8.0,-71.42857142857143,159.57142857142858,123.14285714285714,-12.666666666666666
3740,Massachusetts,2020-04-22,43614,2182,-59.0,-47.0,26.0,-18.0,-71.0,221.0,255.0,137.0,-54.42857142857143,-52.57142857142857,23.285714285714285,-5.857142857142857,-71.0,153.42857142857142,159.57142857142858,-11.714285714285714
3741,Massachusetts,2020-04-23,46727,2360,-58.0,-45.0,25.0,21.0,-69.0,178.0,221.0,159.0,-54.285714285714285,-51.57142857142857,23.0,-0.8571428571428571,-70.42857142857143,178.85714285714286,153.42857142857142,-9.809523809523808
3742,Massachusetts,2020-04-24,51700,2556,-58.0,-51.0,29.0,-45.0,-72.0,196.0,178.0,302.0,-54.285714285714285,-51.285714285714285,22.714285714285715,1.7142857142857142,-70.0,187.28571428571428,178.85714285714286,-8.95238095238095
3743,Massachusetts,2020-04-25,54135,2730,-40.0,-45.0,13.0,98.0,-56.0,174.0,196.0,0.0,-53.57142857142857,-52.714285714285715,23.142857142857142,-9.285714285714286,-70.85714285714286,189.42857142857142,187.28571428571428,-12.952380952380954
3744,Massachusetts,2020-04-26,55753,2899,-42.0,-53.0,15.0,-34.0,-71.0,169.0,174.0,255.0,-54.0,-49.57142857142857,22.857142857142858,-3.4285714285714284,-69.85714285714286,170.42857142857142,189.42857142857142,-10.047619047619046
3745,Massachusetts,2020-04-27,57295,3003,-58.0,-50.0,25.0,-48.0,-74.0,104.0,169.0,221.0,-53.42857142857143,-47.714285714285715,22.571428571428573,5.142857142857143,-69.14285714285714,185.28571428571428,170.42857142857142,-6.666666666666667
3746,Massachusetts,2020-04-28,59193,3153,-58.0,-43.0,18.0,9.0,-68.0,150.0,104.0,178.0,-53.285714285714285,-48.42857142857143,22.857142857142858,-2.4285714285714284,-69.57142857142857,170.28571428571428,185.28571428571428,-9.333333333333334
3747,Massachusetts,2020-04-29,61201,3405,-58.0,-41.0,23.0,30.0,-67.0,252.0,150.0,196.0,-53.142857142857146,-48.714285714285715,23.0,-5.285714285714286,-69.71428571428571,174.71428571428572,170.28571428571428,-10.333333333333334
3748,Massachusetts,2020-04-30,63211,3562,-58.0,-47.0,26.0,-23.0,-70.0,157.0,252.0,174.0,-53.142857142857146,-48.42857142857143,22.857142857142858,-1.2857142857142858,-69.42857142857143,171.71428571428572,174.71428571428572,-8.952380952380953
3749,Massachusetts,2020-05-01,65388,3716,-56.0,-45.0,26.0,-13.0,-68.0,154.0,157.0,169.0,-52.857142857142854,-48.857142857142854,23.142857142857142,-6.714285714285714,-69.71428571428571,165.71428571428572,171.71428571428572,-10.809523809523808
3750,Massachusetts,2020-05-02,67438,3846,-37.0,-41.0,12.0,100.0,-52.0,130.0,154.0,104.0,-52.42857142857143,-46.857142857142854,22.285714285714285,13.571428571428571,-67.71428571428571,159.42857142857142,165.71428571428572,-3.666666666666666
3751,Massachusetts,2020-05-03,69318,4004,-34.0,-37.0,10.0,90.0,-55.0,158.0,130.0,150.0,-51.285714285714285,-48.0,22.714285714285715,-0.14285714285714285,-69.0,157.85714285714286,159.42857142857142,-8.476190476190476
3752,Massachusetts,2020-05-04,70388,4090,-55.0,-37.0,21.0,23.0,-66.0,86.0,158.0,252.0,-50.857142857142854,-48.714285714285715,22.714285714285715,-7.714285714285714,-69.28571428571429,155.28571428571428,157.85714285714286,-11.238095238095239
3753,Massachusetts,2020-05-05,71654,4212,-56.0,-36.0,22.0,27.0,-65.0,122.0,86.0,157.0,-50.57142857142857,-47.714285714285715,21.571428571428573,-2.4285714285714284,-68.71428571428571,151.28571428571428,155.28571428571428,-9.523809523809524
3754,Massachusetts,2020-05-06,73538,4420,-56.0,-40.0,23.0,11.0,-66.0,208.0,122.0,154.0,-50.285714285714285,-46.857142857142854,21.142857142857142,4.428571428571429,-68.14285714285714,145.0,151.28571428571428,-7.095238095238095
3755,Massachusetts,2020-05-07,75338,4552,-55.0,-39.0,23.0,38.0,-65.0,132.0,208.0,130.0,-49.857142857142854,-47.142857142857146,21.285714285714285,-1.8571428571428572,-68.28571428571429,141.42857142857142,145.0,-9.238095238095239
3756,Massachusetts,2020-05-08,77090,4702,-54.0,-42.0,24.0,-3.0,-66.0,150.0,132.0,158.0,-49.57142857142857,-46.285714285714285,20.857142857142858,2.7142857142857144,-67.71428571428571,140.85714285714286,141.42857142857142,-7.57142857142857
3757,Massachusetts,2020-05-09,78561,4840,-37.0,-45.0,14.0,-13.0,-61.0,138.0,150.0,86.0,-49.57142857142857,-45.714285714285715,20.714285714285715,3.0,-67.14285714285714,142.0,140.85714285714286,-7.333333333333333
3758,Massachusetts,2020-05-10,79676,4979,-31.0,-37.0,10.0,26.0,-59.0,139.0,138.0,122.0,-49.142857142857146,-43.42857142857143,20.0,20.714285714285715,-64.85714285714286,139.28571428571428,142.0,-0.9047619047619051
3759,Massachusetts,2020-05-11,80409,5108,-54.0,-43.0,22.0,-6.0,-68.0,129.0,139.0,208.0,-49.0,-41.57142857142857,19.428571428571427,30.857142857142858,-63.714285714285715,145.42857142857142,139.28571428571428,2.904761904761905
3760,Massachusetts,2020-05-12,81370,5141,-54.0,-38.0,22.0,23.0,-65.0,33.0,129.0,132.0,-48.714285714285715,-40.57142857142857,20.0,33.42857142857143,-63.285714285714285,132.71428571428572,145.42857142857142,4.285714285714287
3761,Massachusetts,2020-05-13,82657,5315,-54.0,-36.0,22.0,36.0,-63.0,174.0,33.0,150.0,-48.42857142857143,-40.42857142857143,20.0,30.714285714285715,-63.142857142857146,127.85714285714286,132.71428571428572,3.4285714285714284
3762,Massachusetts,2020-05-14,84460,5482,-54.0,-36.0,21.0,71.0,-62.0,167.0,174.0,138.0,-48.285714285714285,-39.285714285714285,19.571428571428573,39.42857142857143,-62.42857142857143,132.85714285714286,127.85714285714286,6.571428571428573
3763,Massachusetts,2020-05-15,85786,5592,-53.0,-40.0,23.0,28.0,-62.0,110.0,167.0,139.0,-48.142857142857146,-38.857142857142854,19.285714285714285,40.857142857142854,-62.142857142857146,127.14285714285714,132.85714285714286,7.095238095238095
3764,Massachusetts,2020-05-16,87374,5705,-33.0,-39.0,10.0,99.0,-50.0,113.0,110.0,129.0,-47.57142857142857,-39.42857142857143,19.571428571428573,24.714285714285715,-63.42857142857143,123.57142857142857,127.14285714285714,1.6190476190476193
3765,Massachusetts,2020-05-17,88500,5797,-29.0,-37.0,10.0,54.0,-56.0,92.0,113.0,33.0,-47.285714285714285,-39.42857142857143,19.571428571428573,15.571428571428571,-64.0,116.85714285714286,123.57142857142857,-1.4285714285714288
3766,Massachusetts,2020-05-18,89566,5862,-52.0,-35.0,20.0,21.0,-64.0,65.0,92.0,174.0,-47.0,-40.285714285714285,19.714285714285715,11.428571428571429,-64.28571428571429,107.71428571428571,116.85714285714286,-3.047619047619047
3767,Massachusetts,2020-05-19,90521,5938,-52.0,-33.0,20.0,40.0,-62.0,76.0,65.0,167.0,-46.714285714285715,-40.57142857142857,19.714285714285715,10.857142857142858,-64.28571428571429,113.85714285714286,107.71428571428571,-3.333333333333332
3768,Massachusetts,2020-05-20,91654,6066,-52.0,-31.0,20.0,55.0,-61.0,128.0,76.0,110.0,-46.42857142857143,-40.0,19.571428571428573,14.428571428571429,-63.857142857142854,107.28571428571429,113.85714285714286,-1.9999999999999993
3769,Massachusetts,2020-05-21,92860,6148,-52.0,-30.0,20.0,77.0,-59.0,82.0,128.0,113.0,-46.142857142857146,-39.57142857142857,19.285714285714285,19.142857142857142,-63.42857142857143,95.14285714285714,107.28571428571429,-0.38095238095238076
3770,Massachusetts,2020-05-22,93796,6228,-51.0,-33.0,19.0,81.0,-57.0,80.0,82.0,92.0,-45.857142857142854,-39.285714285714285,19.142857142857142,23.571428571428573,-62.857142857142854,90.85714285714286,95.14285714285714,1.1428571428571435
3771,Massachusetts,2020-05-23,94641,6304,-30.0,-41.0,11.0,42.0,-53.0,76.0,80.0,65.0,-45.42857142857143,-38.42857142857143,18.571428571428573,39.57142857142857,-61.285714285714285,85.57142857142857,90.85714285714286,6.57142857142857
3772,Massachusetts,2020-05-24,95708,6372,-26.0,-32.0,7.0,85.0,-54.0,68.0,76.0,76.0,-45.0,-38.42857142857143,18.571428571428573,43.57142857142857,-60.857142857142854,82.14285714285714,85.57142857142857,7.904761904761904
3773,Massachusetts,2020-05-25,96366,6416,-76.0,-36.0,24.0,75.0,-70.0,44.0,68.0,128.0,-48.42857142857143,-37.285714285714285,18.285714285714285,47.42857142857143,-60.285714285714285,79.14285714285714,82.14285714285714,9.476190476190476
3774,Massachusetts,2020-05-26,96826,6473,-49.0,-30.0,18.0,70.0,-59.0,57.0,44.0,82.0,-48.0,-36.57142857142857,18.0,49.857142857142854,-59.857142857142854,76.42857142857143,79.14285714285714,10.428571428571429
3775,Massachusetts,2020-05-27,97428,6547,-49.0,-28.0,18.0,79.0,-58.0,74.0,57.0,80.0,-47.57142857142857,-35.857142857142854,17.714285714285715,52.57142857142857,-59.57142857142857,68.71428571428571,76.42857142857143,11.476190476190476
3776,Massachusetts,2020-05-28,98198,6640,-49.0,-30.0,19.0,53.0,-59.0,93.0,74.0,76.0,-47.142857142857146,-35.0,17.571428571428573,53.42857142857143,-59.142857142857146,70.28571428571429,68.71428571428571,12.0
3777,Massachusetts,2020-05-29,98880,6718,-47.0,-34.0,20.0,36.0,-58.0,78.0,93.0,68.0,-46.57142857142857,-34.0,17.0,61.0,-58.42857142857143,70.0,70.28571428571429,14.666666666666666
3778,Massachusetts,2020-05-30,99773,6768,-18.0,-34.0,8.0,120.0,-45.0,50.0,78.0,44.0,-44.857142857142854,-34.285714285714285,17.142857142857142,52.857142857142854,-58.857142857142854,66.28571428571429,70.0,11.904761904761903
3779,Massachusetts,2020-05-31,100468,6846,-17.0,-29.0,7.0,102.0,-46.0,78.0,50.0,57.0,-43.57142857142857,-33.57142857142857,16.714285714285715,57.285714285714285,-58.57142857142857,67.71428571428571,66.28571428571429,13.476190476190476
3780,Massachusetts,2020-06-01,100805,7035,-47.0,-26.0,17.0,44.0,-58.0,189.0,78.0,74.0,-39.42857142857143,-33.714285714285715,17.285714285714285,65.0,-59.42857142857143,88.42857142857143,67.71428571428571,16.19047619047619
3781,Massachusetts,2020-06-02,101163,7085,-47.0,-28.0,18.0,52.0,-56.0,50.0,189.0,93.0,-39.142857142857146,-33.285714285714285,17.0,69.28571428571429,-59.0,87.42857142857143,88.42857142857143,17.666666666666668
3782,Massachusetts,2020-06-03,101592,7152,-47.0,-27.0,18.0,58.0,-56.0,67.0,50.0,78.0,-38.857142857142854,-32.857142857142854,16.714285714285715,72.71428571428571,-58.57142857142857,86.42857142857143,87.42857142857143,18.857142857142858
3783,Massachusetts,2020-06-04,102063,7201,-46.0,-27.0,17.0,94.0,-56.0,49.0,67.0,50.0,-38.42857142857143,-32.857142857142854,16.571428571428573,69.28571428571429,-58.57142857142857,80.14285714285714,86.42857142857143,17.66666666666667
3784,Massachusetts,2020-06-05,102557,7235,-45.0,-31.0,19.0,45.0,-56.0,34.0,49.0,78.0,-38.142857142857146,-33.0,16.714285714285715,62.857142857142854,-58.714285714285715,73.85714285714286,80.14285714285714,15.523809523809524
3785,Massachusetts,2020-06-06,103132,7289,-20.0,-35.0,8.0,89.0,-47.0,54.0,34.0,189.0,-38.42857142857143,-32.0,16.285714285714285,74.0,-57.57142857142857,74.42857142857143,73.85714285714286,19.428571428571427
3786,Massachusetts,2020-06-07,103436,7316,-17.0,-31.0,7.0,72.0,-49.0,27.0,54.0,50.0,-38.42857142857143,-31.571428571428573,16.285714285714285,76.42857142857143,-56.42857142857143,67.14285714285714,74.42857142857143,20.38095238095238
3787,Massachusetts,2020-06-08,103626,7353,-45.0,-22.0,15.0,94.0,-55.0,37.0,27.0,67.0,-38.142857142857146,-30.142857142857142,15.285714285714286,72.0,-54.714285714285715,45.42857142857143,67.14285714285714,19.047619047619047
3788,Massachusetts,2020-06-09,103889,7408,-46.0,-25.0,16.0,69.0,-56.0,55.0,37.0,49.0,-38.0,-29.857142857142858,15.285714285714286,69.42857142857143,-54.285714285714285,46.142857142857146,45.42857142857143,18.28571428571429
3789,Massachusetts,2020-06-10,104156,7454,-46.0,-23.0,16.0,75.0,-55.0,46.0,55.0,34.0,-37.857142857142854,-29.714285714285715,15.285714285714286,66.42857142857143,-54.0,43.142857142857146,46.142857142857146,17.333333333333332
3790,Massachusetts,2020-06-11,104667,7492,-46.0,-29.0,19.0,17.0,-58.0,38.0,46.0,54.0,-37.857142857142854,-29.285714285714285,15.0,72.28571428571429,-53.57142857142857,41.57142857142857,43.142857142857146,19.333333333333336
3791,Massachusetts,2020-06-12,105059,7538,-43.0,-25.0,15.0,94.0,-50.0,46.0,38.0,27.0,-37.57142857142857,-28.857142857142858,14.857142857142858,73.57142857142857,-53.285714285714285,43.285714285714285,41.57142857142857,19.857142857142858
3792,Massachusetts,2020-06-13,105395,7576,-14.0,-26.0,5.0,157.0,-36.0,38.0,46.0,37.0,-36.714285714285715,-29.0,14.857142857142858,69.14285714285714,-53.57142857142857,41.0,43.285714285714285,18.333333333333332
3793,Massachusetts,2020-06-14,105603,7624,-12.0,-21.0,5.0,122.0,-42.0,48.0,38.0,55.0,-36.0,-29.285714285714285,14.857142857142858,64.85714285714286,-54.0,44.0,41.0,16.80952380952381
