,CountryOrState,Date,confirmed,deaths,work,retail,residential,parks,transit,dDeaths,dDeaths_1,dDeaths_5,aWork,aRetail,aResidential,aParks,aTransit,adDeaths,adDeaths_1,mob_idx
7372,Utah,2020-04-04,1428,8,-34.0,-49.0,14.0,21.0,-42.0,1.0,0.0,2.0,-44.57142857142857,-35.857142857142854,15.285714285714286,20.285714285714285,-39.0,1.0,0.8571428571428571,-0.0952380952380949
7373,Utah,2020-04-05,1601,8,-43.0,-42.0,10.0,16.0,-49.0,0.0,1.0,1.0,-45.0,-37.0,15.714285714285714,12.0,-40.857142857142854,0.8571428571428571,1.0,-3.095238095238095
7374,Utah,2020-04-06,1678,13,-49.0,-37.0,19.0,6.0,-47.0,5.0,0.0,0.0,-45.42857142857143,-37.714285714285715,16.0,13.142857142857142,-41.57142857142857,1.2857142857142858,0.8571428571428571,-2.8571428571428577
7375,Utah,2020-04-07,1739,13,-50.0,-35.0,19.0,68.0,-44.0,0.0,5.0,2.0,-45.857142857142854,-37.857142857142854,16.142857142857142,17.571428571428573,-41.857142857142854,1.1428571428571428,1.2857142857142858,-1.3809523809523796
7376,Utah,2020-04-08,1848,13,-50.0,-33.0,19.0,71.0,-43.0,0.0,0.0,0.0,-46.0,-37.857142857142854,16.285714285714285,23.0,-41.857142857142854,1.1428571428571428,1.1428571428571428,0.4761904761904769
7377,Utah,2020-04-09,1856,13,-51.0,-34.0,20.0,33.0,-46.0,0.0,0.0,1.0,-46.285714285714285,-38.0,16.571428571428573,24.428571428571427,-42.285714285714285,0.8571428571428571,1.1428571428571428,1.0
7378,Utah,2020-04-10,2103,17,-50.0,-37.0,20.0,58.0,-46.0,4.0,0.0,0.0,-46.714285714285715,-38.0,16.857142857142858,27.142857142857142,-42.714285714285715,1.4285714285714286,0.8571428571428571,2.0
7379,Utah,2020-04-11,2207,18,-34.0,-42.0,12.0,28.0,-43.0,1.0,4.0,5.0,-46.714285714285715,-38.42857142857143,17.0,30.285714285714285,-43.0,1.4285714285714286,1.4285714285714286,2.952380952380951
7380,Utah,2020-04-12,2303,18,-45.0,-54.0,10.0,12.0,-51.0,0.0,1.0,0.0,-47.0,-38.57142857142857,17.0,28.857142857142858,-43.714285714285715,1.4285714285714286,1.4285714285714286,2.4285714285714293
7381,Utah,2020-04-13,2363,13,-48.0,-38.0,19.0,2.0,-47.0,-5.0,0.0,0.0,-46.857142857142854,-38.714285714285715,17.285714285714285,25.857142857142858,-44.42857142857143,0.0,1.4285714285714286,1.4761904761904756
7382,Utah,2020-04-14,2417,18,-48.0,-32.0,19.0,41.0,-44.0,5.0,-5.0,0.0,-46.57142857142857,-38.857142857142854,17.428571428571427,27.285714285714285,-44.857142857142854,0.7142857142857143,0.0,1.9523809523809526
7383,Utah,2020-04-15,2548,20,-48.0,-31.0,19.0,5.0,-45.0,2.0,5.0,4.0,-46.285714285714285,-38.714285714285715,17.428571428571427,31.857142857142858,-45.285714285714285,1.0,0.7142857142857143,3.5238095238095233
7384,Utah,2020-04-16,2683,20,-48.0,-34.0,20.0,11.0,-47.0,0.0,2.0,1.0,-45.857142857142854,-38.285714285714285,17.285714285714285,35.42857142857143,-45.285714285714285,1.0,1.0,4.80952380952381
7385,Utah,2020-04-17,2793,23,-45.0,-35.0,19.0,38.0,-44.0,3.0,0.0,0.0,-45.142857142857146,-38.142857142857146,17.285714285714285,39.0,-45.285714285714285,0.8571428571428571,1.0,6.047619047619047
7386,Utah,2020-04-18,2917,25,-28.0,-38.0,11.0,48.0,-36.0,2.0,3.0,-5.0,-44.285714285714285,-37.142857142857146,17.0,40.0,-45.42857142857143,1.0,0.8571428571428571,6.619047619047618
7387,Utah,2020-04-19,3069,27,-39.0,-33.0,9.0,40.0,-45.0,2.0,2.0,5.0,-43.42857142857143,-38.857142857142854,17.0,39.42857142857143,-45.714285714285715,1.2857142857142858,1.0,5.8571428571428585
7388,Utah,2020-04-20,3213,28,-46.0,-27.0,17.0,57.0,-41.0,1.0,2.0,2.0,-43.142857142857146,-39.0,17.0,38.857142857142854,-45.714285714285715,2.142857142857143,1.2857142857142858,5.619047619047618
7389,Utah,2020-04-21,3297,32,-47.0,-28.0,18.0,77.0,-42.0,4.0,1.0,0.0,-43.0,-38.57142857142857,17.0,35.0,-45.714285714285715,2.0,2.142857142857143,4.476190476190477
7390,Utah,2020-04-22,3445,32,-47.0,-27.0,17.0,67.0,-40.0,0.0,4.0,3.0,-42.857142857142854,-38.285714285714285,17.0,25.571428571428573,-46.0,1.7142857142857142,2.0,1.4285714285714295
7391,Utah,2020-04-23,3612,35,-47.0,-31.0,19.0,22.0,-44.0,3.0,0.0,2.0,-42.714285714285715,-38.285714285714285,17.0,22.428571428571427,-46.142857142857146,2.142857142857143,1.7142857142857142,0.38095238095238076
7392,Utah,2020-04-24,3782,39,-45.0,-31.0,17.0,71.0,-39.0,4.0,3.0,2.0,-42.714285714285715,-38.0,16.857142857142858,19.571428571428573,-45.857142857142854,2.2857142857142856,2.142857142857143,-0.5238095238095232
7393,Utah,2020-04-25,3948,41,-28.0,-35.0,9.0,81.0,-33.0,2.0,4.0,1.0,-42.714285714285715,-37.42857142857143,16.714285714285715,22.428571428571427,-44.857142857142854,2.2857142857142856,2.2857142857142856,0.5714285714285706
7394,Utah,2020-04-26,4123,41,-38.0,-26.0,6.0,102.0,-36.0,0.0,2.0,4.0,-42.57142857142857,-34.42857142857143,16.571428571428573,26.428571428571427,-44.0,2.0,2.2857142857142856,2.8571428571428563
7395,Utah,2020-04-27,4236,41,-45.0,-24.0,16.0,56.0,-40.0,0.0,0.0,0.0,-42.42857142857143,-32.857142857142854,16.285714285714285,34.285714285714285,-43.142857142857146,1.8571428571428572,2.0,5.904761904761905
7396,Utah,2020-04-28,4345,41,-47.0,-24.0,8.0,89.0,-39.0,0.0,0.0,3.0,-42.42857142857143,-32.285714285714285,16.142857142857142,39.42857142857143,-42.857142857142854,1.2857142857142858,1.8571428571428572,7.761904761904763
7397,Utah,2020-04-29,4497,45,-47.0,-23.0,16.0,87.0,-36.0,4.0,0.0,4.0,-42.42857142857143,-31.714285714285715,15.857142857142858,48.285714285714285,-42.142857142857146,1.8571428571428572,1.2857142857142858,10.80952380952381
7398,Utah,2020-04-30,4672,46,-47.0,-24.0,17.0,70.0,-38.0,1.0,4.0,2.0,-42.42857142857143,-31.285714285714285,15.714285714285714,49.857142857142854,-41.714285714285715,1.5714285714285714,1.8571428571428572,11.428571428571429
7399,Utah,2020-05-01,4828,46,-43.0,-26.0,15.0,64.0,-37.0,0.0,1.0,0.0,-42.142857142857146,-30.714285714285715,15.428571428571429,54.57142857142857,-41.0,1.0,1.5714285714285714,13.095238095238095
7400,Utah,2020-05-02,4985,49,-25.0,-30.0,7.0,85.0,-30.0,3.0,0.0,0.0,-41.714285714285715,-30.285714285714285,15.142857142857142,59.285714285714285,-40.57142857142857,1.1428571428571428,1.0,14.714285714285714
7401,Utah,2020-05-03,5175,50,-33.0,-21.0,6.0,85.0,-34.0,1.0,3.0,0.0,-41.0,-29.285714285714285,14.714285714285714,68.14285714285714,-39.285714285714285,1.2857142857142858,1.1428571428571428,17.857142857142858
7402,Utah,2020-05-04,5317,50,-42.0,-16.0,14.0,74.0,-35.0,0.0,1.0,4.0,-40.57142857142857,-28.857142857142858,14.571428571428571,68.0,-39.142857142857146,1.2857142857142858,1.2857142857142858,17.904761904761905
7403,Utah,2020-05-05,5449,56,-43.0,-15.0,14.0,104.0,-35.0,6.0,0.0,1.0,-40.0,-28.285714285714285,13.142857142857142,69.71428571428571,-38.714285714285715,2.142857142857143,1.2857142857142858,18.19047619047619
7404,Utah,2020-05-06,5595,58,-43.0,-17.0,15.0,87.0,-34.0,2.0,6.0,0.0,-39.42857142857143,-27.714285714285715,13.0,72.57142857142857,-38.142857142857146,1.8571428571428572,2.142857142857143,19.285714285714285
7405,Utah,2020-05-07,5724,61,-43.0,-17.0,15.0,86.0,-34.0,3.0,2.0,3.0,-38.857142857142854,-26.714285714285715,12.714285714285714,79.42857142857143,-37.285714285714285,2.142857142857143,1.8571428571428572,21.80952380952381
7406,Utah,2020-05-08,5919,61,-40.0,-20.0,13.0,101.0,-33.0,0.0,3.0,1.0,-38.42857142857143,-26.0,12.428571428571429,78.42857142857143,-37.0,2.142857142857143,2.142857142857143,21.61904761904762
7407,Utah,2020-05-09,6103,66,-20.0,-22.0,5.0,101.0,-26.0,5.0,0.0,0.0,-37.714285714285715,-25.285714285714285,12.142857142857142,79.0,-36.57142857142857,2.4285714285714284,2.142857142857143,21.952380952380953
7408,Utah,2020-05-10,6251,67,-28.0,-13.0,2.0,110.0,-29.0,1.0,5.0,6.0,-37.0,-24.571428571428573,12.142857142857142,76.57142857142857,-36.285714285714285,2.4285714285714284,2.4285714285714284,21.38095238095238
7409,Utah,2020-05-11,6362,68,-41.0,-17.0,14.0,70.0,-34.0,1.0,1.0,2.0,-36.857142857142854,-23.428571428571427,11.857142857142858,79.14285714285714,-35.57142857142857,2.5714285714285716,2.4285714285714284,22.523809523809522
7410,Utah,2020-05-12,6432,73,-42.0,-18.0,14.0,97.0,-33.0,5.0,1.0,3.0,-36.714285714285715,-22.142857142857142,12.714285714285714,81.28571428571429,-35.0,2.4285714285714284,2.5714285714285716,23.952380952380953
7411,Utah,2020-05-13,6620,75,-42.0,-16.0,14.0,79.0,-33.0,2.0,5.0,0.0,-36.57142857142857,-21.285714285714285,12.571428571428571,81.28571428571429,-34.714285714285715,2.4285714285714284,2.4285714285714284,24.190476190476193
7412,Utah,2020-05-14,6749,75,-43.0,-17.0,14.0,87.0,-34.0,0.0,2.0,5.0,-36.57142857142857,-20.285714285714285,12.285714285714286,83.57142857142857,-34.142857142857146,2.0,2.4285714285714284,25.19047619047619
7413,Utah,2020-05-15,6913,77,-40.0,-20.0,13.0,100.0,-33.0,2.0,0.0,1.0,-36.57142857142857,-19.428571428571427,12.0,88.85714285714286,-33.57142857142857,2.2857142857142856,2.0,27.142857142857142
7414,Utah,2020-05-16,7068,78,-19.0,-25.0,5.0,111.0,-25.0,1.0,2.0,1.0,-36.42857142857143,-18.285714285714285,11.714285714285714,91.14285714285714,-33.0,1.7142857142857142,2.2857142857142856,28.19047619047619
7415,Utah,2020-05-17,7238,80,-27.0,-13.0,4.0,126.0,-28.0,2.0,1.0,5.0,-36.285714285714285,-17.142857142857142,11.142857142857142,94.71428571428571,-32.285714285714285,1.8571428571428572,1.7142857142857142,29.57142857142857
7416,Utah,2020-05-18,7384,80,-39.0,-11.0,12.0,83.0,-33.0,0.0,2.0,2.0,-36.0,-17.285714285714285,11.142857142857142,94.14285714285714,-32.142857142857146,1.7142857142857142,1.8571428571428572,29.333333333333332
7417,Utah,2020-05-19,7518,88,-40.0,-12.0,13.0,97.0,-33.0,8.0,0.0,0.0,-35.714285714285715,-17.714285714285715,11.142857142857142,93.14285714285714,-31.857142857142858,2.142857142857143,1.7142857142857142,28.857142857142858
7418,Utah,2020-05-20,7710,90,-40.0,-10.0,13.0,67.0,-32.0,2.0,8.0,2.0,-35.42857142857143,-17.571428571428573,11.0,92.0,-31.714285714285715,2.142857142857143,2.142857142857143,28.476190476190478
7419,Utah,2020-05-21,7874,92,-40.0,-8.0,12.0,133.0,-29.0,2.0,2.0,1.0,-35.0,-17.571428571428573,10.857142857142858,92.14285714285714,-31.714285714285715,2.4285714285714284,2.142857142857143,28.47619047619047
7420,Utah,2020-05-22,8057,93,-39.0,-15.0,11.0,102.0,-28.0,1.0,2.0,2.0,-34.857142857142854,-17.571428571428573,10.857142857142858,92.0,-31.714285714285715,2.2857142857142856,2.4285714285714284,28.428571428571427
7421,Utah,2020-05-23,8260,97,-18.0,-22.0,5.0,103.0,-25.0,4.0,1.0,0.0,-34.714285714285715,-18.0,10.857142857142858,93.42857142857143,-31.571428571428573,2.7142857142857144,2.2857142857142856,28.761904761904763
7422,Utah,2020-05-24,8392,97,-28.0,-7.0,2.0,193.0,-25.0,0.0,4.0,8.0,-34.857142857142854,-18.0,11.142857142857142,95.71428571428571,-31.428571428571427,2.4285714285714284,2.7142857142857144,29.619047619047617
7423,Utah,2020-05-25,8521,98,-75.0,-5.0,14.0,247.0,-38.0,1.0,0.0,2.0,-40.0,-17.142857142857142,10.857142857142858,97.57142857142857,-31.285714285714285,2.5714285714285716,2.4285714285714284,30.428571428571427
7424,Utah,2020-05-26,8620,101,-39.0,-11.0,12.0,135.0,-31.0,3.0,1.0,2.0,-39.857142857142854,-16.285714285714285,10.714285714285714,97.57142857142857,-31.285714285714285,1.8571428571428572,2.5714285714285716,30.666666666666668
7425,Utah,2020-05-27,8706,105,-38.0,-7.0,11.0,138.0,-29.0,4.0,3.0,1.0,-39.57142857142857,-15.428571428571429,10.571428571428571,95.85714285714286,-31.142857142857142,2.142857142857143,1.8571428571428572,30.333333333333332
7426,Utah,2020-05-28,8921,106,-39.0,-7.0,12.0,146.0,-30.0,1.0,4.0,4.0,-39.42857142857143,-14.142857142857142,10.285714285714286,102.42857142857143,-30.428571428571427,2.0,2.142857142857143,32.857142857142854
7427,Utah,2020-05-29,9264,107,-36.0,-14.0,11.0,131.0,-29.0,1.0,1.0,0.0,-39.0,-13.428571428571429,10.0,102.71428571428571,-29.714285714285715,2.0,2.0,33.095238095238095
7428,Utah,2020-05-30,9533,112,-8.0,-22.0,4.0,118.0,-22.0,5.0,1.0,1.0,-37.57142857142857,-13.0,10.0,101.57142857142857,-29.714285714285715,2.142857142857143,2.0,32.857142857142854
7429,Utah,2020-05-31,9797,113,-19.0,-10.0,3.0,127.0,-25.0,1.0,5.0,3.0,-36.285714285714285,-12.142857142857142,9.714285714285714,111.14285714285714,-29.285714285714285,2.2857142857142856,2.142857142857143,36.238095238095234
7430,Utah,2020-06-01,9999,113,-37.0,-6.0,10.0,113.0,-30.0,0.0,1.0,4.0,-30.857142857142858,-11.285714285714286,10.0,134.57142857142858,-30.0,2.142857142857143,2.2857142857142856,44.42857142857144
7431,Utah,2020-06-02,10202,113,-37.0,-8.0,11.0,149.0,-30.0,0.0,0.0,1.0,-30.571428571428573,-11.142857142857142,9.857142857142858,140.0,-29.714285714285715,1.7142857142857142,2.142857142857143,46.23809523809524
7432,Utah,2020-06-03,10497,117,-37.0,-6.0,11.0,140.0,-28.0,4.0,0.0,1.0,-30.428571428571427,-10.714285714285714,9.571428571428571,150.14285714285714,-29.285714285714285,1.7142857142857142,1.7142857142857142,49.666666666666664
7433,Utah,2020-06-04,10813,117,-38.0,-8.0,11.0,148.0,-28.0,0.0,4.0,5.0,-30.285714285714285,-10.571428571428571,9.571428571428571,152.0,-29.428571428571427,1.5714285714285714,1.7142857142857142,50.333333333333336
7434,Utah,2020-06-05,11252,120,-36.0,-13.0,10.0,120.0,-27.0,3.0,0.0,1.0,-30.285714285714285,-10.428571428571429,9.571428571428571,156.14285714285714,-29.571428571428573,1.8571428571428572,1.5714285714285714,51.76190476190476
7435,Utah,2020-06-06,11798,121,-11.0,-22.0,5.0,59.0,-26.0,1.0,3.0,0.0,-30.714285714285715,-10.428571428571429,9.428571428571429,158.28571428571428,-29.142857142857142,1.2857142857142858,1.8571428571428572,52.42857142857142
7436,Utah,2020-06-07,12066,121,-20.0,-14.0,5.0,35.0,-25.0,0.0,1.0,0.0,-30.857142857142858,-10.857142857142858,9.571428571428571,148.85714285714286,-29.142857142857142,1.1428571428571428,1.2857142857142858,49.1904761904762
7437,Utah,2020-06-08,12322,124,-37.0,-9.0,12.0,55.0,-30.0,3.0,0.0,4.0,-30.857142857142858,-11.0,9.0,129.71428571428572,-28.0,1.5714285714285714,1.1428571428571428,42.57142857142858
7438,Utah,2020-06-09,12559,127,-37.0,-7.0,10.0,159.0,-29.0,3.0,3.0,0.0,-30.857142857142858,-10.571428571428571,8.857142857142858,131.71428571428572,-27.857142857142858,2.0,1.5714285714285714,43.333333333333336
7439,Utah,2020-06-10,12864,128,-37.0,-5.0,10.0,165.0,-26.0,1.0,3.0,3.0,-30.857142857142858,-10.428571428571429,8.857142857142858,132.0,-27.714285714285715,1.5714285714285714,2.0,43.476190476190474
7440,Utah,2020-06-11,13252,131,-38.0,-7.0,10.0,168.0,-26.0,3.0,1.0,1.0,-30.857142857142858,-10.571428571428571,8.714285714285714,132.28571428571428,-27.428571428571427,2.0,1.5714285714285714,43.476190476190474
7441,Utah,2020-06-12,13577,139,-36.0,-13.0,9.0,153.0,-26.0,8.0,3.0,0.0,-30.857142857142858,-10.428571428571429,8.571428571428571,130.71428571428572,-27.142857142857142,2.7142857142857144,2.0,42.952380952380956
7442,Utah,2020-06-13,13981,139,-8.0,-20.0,2.0,147.0,-17.0,0.0,8.0,3.0,-30.428571428571427,-10.428571428571429,8.714285714285714,122.28571428571429,-27.714285714285715,2.5714285714285716,2.7142857142857144,40.1904761904762
7443,Utah,2020-06-14,14313,139,-16.0,-4.0,0.0,180.0,-15.0,0.0,0.0,3.0,-29.857142857142858,-11.0,9.0,109.14285714285714,-27.714285714285715,2.5714285714285716,2.5714285714285716,35.714285714285715
