,CountryOrState,Date,confirmed,deaths,work,retail,residential,parks,transit,dDeaths,dDeaths_1,dDeaths_5,aWork,aRetail,aResidential,aParks,aTransit,adDeaths,adDeaths_1,mob_idx
6197,Oregon,2020-03-28,479,13,-36.0,-55.0,14.0,-25.0,-45.0,1.0,1.0,0.0,-42.42857142857143,-23.285714285714285,9.285714285714286,61.57142857142857,-22.714285714285715,1.2857142857142858,1.2857142857142858,15.857142857142856
6198,Oregon,2020-03-29,548,13,-38.0,-51.0,12.0,-22.0,-47.0,0.0,1.0,3.0,-43.57142857142857,-27.0,9.857142857142858,66.14285714285714,-25.142857142857142,1.1428571428571428,1.2857142857142858,16.333333333333332
6199,Oregon,2020-03-30,606,16,-47.0,-44.0,17.0,-20.0,-48.0,3.0,0.0,2.0,-44.42857142857143,-31.714285714285715,11.0,57.857142857142854,-28.571428571428573,1.5714285714285714,1.1428571428571428,12.38095238095238
6200,Oregon,2020-03-31,690,18,-49.0,-41.0,18.0,4.0,-44.0,2.0,3.0,1.0,-44.714285714285715,-35.285714285714285,12.142857142857142,46.42857142857143,-32.0,1.4285714285714286,1.5714285714285714,7.761904761904763
6201,Oregon,2020-04-01,736,19,-49.0,-39.0,18.0,1.0,-42.0,1.0,2.0,1.0,-44.857142857142854,-38.142857142857146,13.142857142857142,36.0,-34.714285714285715,1.2857142857142858,1.4285714285714286,3.6666666666666656
6202,Oregon,2020-04-02,826,21,-50.0,-42.0,19.0,-3.0,-46.0,2.0,1.0,1.0,-45.142857142857146,-40.714285714285715,14.142857142857142,25.0,-37.285714285714285,1.4285714285714286,1.2857142857142858,-0.5238095238095243
6203,Oregon,2020-04-03,899,22,-48.0,-44.0,19.0,-10.0,-46.0,1.0,2.0,0.0,-45.285714285714285,-43.285714285714285,15.142857142857142,11.571428571428571,-39.857142857142854,1.4285714285714286,1.4285714285714286,-5.523809523809523
6204,Oregon,2020-04-04,899,22,-37.0,-51.0,14.0,-20.0,-45.0,0.0,1.0,3.0,-45.42857142857143,-45.42857142857143,16.0,-3.5714285714285716,-42.57142857142857,1.2857142857142858,1.4285714285714286,-11.0
6205,Oregon,2020-04-05,1068,27,-39.0,-46.0,11.0,-1.0,-44.0,5.0,0.0,2.0,-45.57142857142857,-47.42857142857143,16.571428571428573,-13.571428571428571,-44.857142857142854,2.0,1.2857142857142858,-14.80952380952381
6206,Oregon,2020-04-06,1068,27,-48.0,-40.0,17.0,19.0,-44.0,0.0,5.0,1.0,-45.714285714285715,-48.285714285714285,16.857142857142858,-15.714285714285714,-46.0,1.5714285714285714,2.0,-15.714285714285714
6207,Oregon,2020-04-07,1132,29,-49.0,-39.0,17.0,39.0,-42.0,2.0,0.0,2.0,-45.714285714285715,-47.42857142857143,16.857142857142858,-12.714285714285714,-46.0,1.5714285714285714,1.5714285714285714,-14.428571428571429
6208,Oregon,2020-04-08,1181,33,-49.0,-38.0,17.0,53.0,-41.0,4.0,2.0,1.0,-45.714285714285715,-46.57142857142857,16.857142857142858,-13.0,-45.857142857142854,2.0,1.5714285714285714,-14.238095238095235
6209,Oregon,2020-04-09,1321,44,-50.0,-39.0,17.0,41.0,-43.0,11.0,4.0,0.0,-45.714285714285715,-46.0,16.857142857142858,-13.285714285714286,-45.857142857142854,3.2857142857142856,2.0,-14.142857142857144
6210,Oregon,2020-04-10,1322,44,-49.0,-41.0,18.0,22.0,-44.0,0.0,11.0,5.0,-45.857142857142854,-45.142857142857146,16.714285714285715,-10.714285714285714,-45.42857142857143,3.142857142857143,3.2857142857142856,-13.04761904761905
6211,Oregon,2020-04-11,1371,48,-36.0,-45.0,12.0,16.0,-41.0,4.0,0.0,0.0,-45.714285714285715,-44.57142857142857,16.714285714285715,-10.0,-45.42857142857143,3.7142857142857144,3.142857142857143,-12.619047619047619
6212,Oregon,2020-04-12,1527,52,-41.0,-56.0,10.0,5.0,-45.0,4.0,4.0,2.0,-46.0,-43.857142857142854,16.571428571428573,-7.0,-45.0,3.5714285714285716,3.7142857142857144,-11.428571428571425
6213,Oregon,2020-04-13,1584,53,-46.0,-38.0,16.0,34.0,-44.0,1.0,4.0,4.0,-45.714285714285715,-43.285714285714285,16.571428571428573,-1.4285714285714286,-44.42857142857143,3.7142857142857144,3.5714285714285716,-9.38095238095238
6214,Oregon,2020-04-14,1633,55,-48.0,-36.0,17.0,42.0,-41.0,2.0,1.0,11.0,-45.57142857142857,-43.0,16.428571428571427,3.5714285714285716,-44.142857142857146,3.7142857142857144,3.7142857142857144,-7.666666666666667
6215,Oregon,2020-04-15,1663,58,-48.0,-32.0,17.0,27.0,-41.0,3.0,2.0,0.0,-45.42857142857143,-42.857142857142854,16.285714285714285,11.0,-44.0,3.5714285714285716,3.7142857142857144,-5.19047619047619
6216,Oregon,2020-04-16,1736,64,-48.0,-34.0,17.0,35.0,-41.0,6.0,3.0,4.0,-45.142857142857146,-42.42857142857143,16.0,17.285714285714285,-43.57142857142857,2.857142857142857,3.5714285714285716,-3.047619047619049
6217,Oregon,2020-04-17,1785,70,-46.0,-38.0,17.0,33.0,-41.0,6.0,6.0,4.0,-44.714285714285715,-42.0,15.857142857142858,21.857142857142858,-43.285714285714285,3.7142857142857144,2.857142857142857,-1.4285714285714282
6218,Oregon,2020-04-18,1844,72,-34.0,-45.0,12.0,-12.0,-41.0,2.0,6.0,1.0,-44.42857142857143,-41.142857142857146,15.571428571428571,27.0,-42.714285714285715,3.4285714285714284,3.7142857142857144,0.4761904761904745
6219,Oregon,2020-04-19,1910,74,-36.0,-38.0,9.0,16.0,-41.0,2.0,2.0,2.0,-43.714285714285715,-42.57142857142857,15.428571428571429,27.857142857142858,-42.857142857142854,3.142857142857143,3.4285714285714284,0.2380952380952396
6220,Oregon,2020-04-20,1957,75,-46.0,-31.0,15.0,47.0,-40.0,1.0,2.0,3.0,-43.714285714285715,-42.285714285714285,15.285714285714286,30.0,-42.857142857142854,3.142857142857143,3.142857142857143,1.0
6221,Oregon,2020-04-21,2004,78,-47.0,-35.0,17.0,27.0,-41.0,3.0,1.0,6.0,-43.57142857142857,-41.857142857142854,15.285714285714286,30.428571428571427,-42.714285714285715,3.2857142857142856,3.142857142857143,1.2857142857142858
6222,Oregon,2020-04-22,2059,78,-48.0,-38.0,18.0,-13.0,-46.0,0.0,3.0,6.0,-43.57142857142857,-41.0,15.285714285714286,26.714285714285715,-42.714285714285715,2.857142857142857,3.2857142857142856,0.3333333333333333
6223,Oregon,2020-04-23,2127,83,-48.0,-37.0,17.0,20.0,-43.0,5.0,0.0,2.0,-43.57142857142857,-40.285714285714285,15.285714285714286,25.857142857142858,-42.42857142857143,2.7142857142857144,2.857142857142857,0.28571428571428586
6224,Oregon,2020-04-24,2177,86,-46.0,-40.0,18.0,-3.0,-44.0,3.0,5.0,2.0,-43.57142857142857,-39.857142857142854,15.142857142857142,27.428571428571427,-42.0,2.2857142857142856,2.7142857142857144,0.9047619047619051
6225,Oregon,2020-04-25,2253,87,-33.0,-43.0,11.0,11.0,-37.0,1.0,3.0,1.0,-43.42857142857143,-39.857142857142854,15.142857142857142,23.428571428571427,-42.0,2.142857142857143,2.2857142857142856,-0.4285714285714282
6226,Oregon,2020-04-26,2311,92,-35.0,-36.0,9.0,28.0,-36.0,5.0,1.0,3.0,-43.285714285714285,-37.285714285714285,15.0,25.0,-41.42857142857143,2.5714285714285716,2.142857142857143,0.9047619047619051
6227,Oregon,2020-04-27,2354,92,-45.0,-32.0,16.0,19.0,-41.0,0.0,5.0,0.0,-43.142857142857146,-36.285714285714285,14.857142857142858,26.857142857142858,-40.857142857142854,2.4285714285714284,2.5714285714285716,1.8095238095238102
6228,Oregon,2020-04-28,2385,99,-47.0,-31.0,8.0,56.0,-37.0,7.0,0.0,5.0,-43.142857142857146,-36.142857142857146,14.857142857142858,24.714285714285715,-40.857142857142854,3.0,2.4285714285714284,1.1428571428571423
6229,Oregon,2020-04-29,2446,101,-47.0,-31.0,16.0,32.0,-39.0,2.0,7.0,3.0,-43.0,-37.0,15.0,19.0,-41.57142857142857,3.2857142857142856,3.0,-1.0
6230,Oregon,2020-04-30,2510,103,-47.0,-31.0,16.0,26.0,-39.0,2.0,2.0,1.0,-42.857142857142854,-37.42857142857143,15.0,16.857142857142858,-41.857142857142854,2.857142857142857,3.2857142857142856,-1.8571428571428577
6231,Oregon,2020-05-01,2579,104,-44.0,-32.0,16.0,15.0,-37.0,1.0,2.0,5.0,-42.57142857142857,-37.714285714285715,15.142857142857142,11.714285714285714,-42.285714285714285,2.5714285714285716,2.857142857142857,-3.61904761904762
6232,Oregon,2020-05-02,2635,109,-32.0,-41.0,11.0,-17.0,-36.0,5.0,1.0,0.0,-42.42857142857143,-37.42857142857143,15.0,15.0,-41.714285714285715,3.142857142857143,2.5714285714285716,-2.4761904761904767
6233,Oregon,2020-05-03,2680,109,-32.0,-33.0,9.0,5.0,-35.0,0.0,5.0,7.0,-42.0,-37.142857142857146,15.0,16.714285714285715,-41.0,2.4285714285714284,3.142857142857143,-1.8095238095238102
6234,Oregon,2020-05-04,2759,109,-43.0,-27.0,14.0,29.0,-37.0,0.0,0.0,2.0,-41.714285714285715,-37.285714285714285,15.142857142857142,12.714285714285714,-41.142857142857146,2.4285714285714284,2.4285714285714284,-3.142857142857143
6235,Oregon,2020-05-05,2839,113,-44.0,-25.0,15.0,54.0,-34.0,4.0,0.0,2.0,-41.285714285714285,-36.714285714285715,13.857142857142858,16.857142857142858,-40.57142857142857,2.0,2.4285714285714284,-2.0
6236,Oregon,2020-05-06,2916,115,-44.0,-28.0,15.0,43.0,-36.0,2.0,4.0,1.0,-40.857142857142854,-35.714285714285715,13.571428571428571,23.285714285714285,-39.57142857142857,2.0,2.0,0.3809523809523796
6237,Oregon,2020-05-07,2989,121,-44.0,-28.0,15.0,57.0,-36.0,6.0,2.0,5.0,-40.42857142857143,-34.857142857142854,13.428571428571429,24.142857142857142,-39.0,2.5714285714285716,2.0,0.9047619047619063
6238,Oregon,2020-05-08,3068,124,-43.0,-31.0,14.0,60.0,-34.0,3.0,6.0,0.0,-40.285714285714285,-33.714285714285715,13.142857142857142,26.714285714285715,-38.0,2.857142857142857,2.5714285714285716,2.0476190476190474
6239,Oregon,2020-05-09,3160,127,-28.0,-33.0,7.0,72.0,-25.0,3.0,3.0,0.0,-39.714285714285715,-33.42857142857143,13.142857142857142,22.714285714285715,-37.857142857142854,2.5714285714285716,2.857142857142857,0.809523809523809
6240,Oregon,2020-05-10,3228,127,-29.0,-25.0,5.0,40.0,-28.0,0.0,3.0,4.0,-39.285714285714285,-33.0,13.142857142857142,19.428571428571427,-37.714285714285715,2.5714285714285716,2.5714285714285716,-0.14285714285714354
6241,Oregon,2020-05-11,3286,130,-42.0,-30.0,14.0,25.0,-37.0,3.0,0.0,2.0,-39.142857142857146,-32.285714285714285,12.857142857142858,20.857142857142858,-37.142857142857146,3.0,2.5714285714285716,0.4761904761904769
6242,Oregon,2020-05-12,3358,130,-44.0,-31.0,16.0,4.0,-38.0,0.0,3.0,6.0,-39.142857142857146,-31.428571428571427,13.857142857142858,20.571428571428573,-36.714285714285715,2.4285714285714284,3.0,1.000000000000001
6243,Oregon,2020-05-13,3416,134,-43.0,-30.0,15.0,21.0,-36.0,4.0,0.0,3.0,-39.0,-31.0,13.714285714285714,22.142857142857142,-36.285714285714285,2.7142857142857144,2.4285714285714284,1.6190476190476193
6244,Oregon,2020-05-14,3479,137,-44.0,-33.0,16.0,-3.0,-41.0,3.0,4.0,3.0,-39.0,-30.571428571428573,13.571428571428571,26.571428571428573,-35.857142857142854,2.2857142857142856,2.7142857142857144,3.190476190476191
6245,Oregon,2020-05-15,3541,137,-42.0,-30.0,14.0,47.0,-33.0,0.0,3.0,0.0,-38.857142857142854,-30.428571428571427,13.285714285714286,33.0,-35.42857142857143,1.8571428571428572,2.2857142857142856,5.285714285714287
6246,Oregon,2020-05-16,3612,137,-26.0,-36.0,9.0,15.0,-31.0,0.0,0.0,3.0,-38.57142857142857,-29.285714285714285,12.714285714285714,45.714285714285715,-33.857142857142854,1.4285714285714286,1.8571428571428572,9.714285714285715
6247,Oregon,2020-05-17,3623,137,-26.0,-28.0,7.0,21.0,-29.0,0.0,0.0,0.0,-38.142857142857146,-28.142857142857142,12.142857142857142,50.714285714285715,-32.857142857142854,1.4285714285714286,1.4285714285714286,11.571428571428571
6248,Oregon,2020-05-18,3687,138,-40.0,-26.0,14.0,8.0,-38.0,1.0,0.0,4.0,-37.857142857142854,-28.571428571428573,12.142857142857142,50.142857142857146,-32.857142857142854,1.1428571428571428,1.4285714285714286,11.238095238095239
6249,Oregon,2020-05-19,3726,140,-41.0,-24.0,14.0,32.0,-34.0,2.0,1.0,3.0,-37.42857142857143,-29.428571428571427,12.285714285714286,43.0,-33.42857142857143,1.4285714285714286,1.1428571428571428,8.61904761904762
6250,Oregon,2020-05-20,3801,144,-42.0,-23.0,14.0,38.0,-33.0,4.0,2.0,0.0,-37.285714285714285,-29.714285714285715,12.285714285714286,39.857142857142854,-33.42857142857143,1.4285714285714286,1.4285714285714286,7.4761904761904745
6251,Oregon,2020-05-21,3817,145,-42.0,-24.0,14.0,25.0,-34.0,1.0,4.0,0.0,-37.0,-30.428571428571427,12.428571428571429,31.285714285714285,-34.142857142857146,1.1428571428571428,1.4285714285714286,4.428571428571428
6252,Oregon,2020-05-22,3864,147,-41.0,-25.0,13.0,39.0,-29.0,2.0,1.0,0.0,-36.857142857142854,-30.285714285714285,12.428571428571429,29.428571428571427,-34.0,1.4285714285714286,1.1428571428571428,3.8571428571428577
6253,Oregon,2020-05-23,3888,147,-22.0,-28.0,6.0,84.0,-18.0,0.0,2.0,1.0,-36.285714285714285,-30.714285714285715,12.714285714285714,21.285714285714285,-34.857142857142854,1.4285714285714286,1.4285714285714286,1.095238095238095
6254,Oregon,2020-05-24,3927,148,-25.0,-19.0,4.0,91.0,-21.0,1.0,0.0,2.0,-36.142857142857146,-31.142857142857142,13.0,18.571428571428573,-35.0,1.5714285714285714,1.4285714285714286,0.14285714285714354
6255,Oregon,2020-05-25,3949,148,-71.0,-25.0,17.0,97.0,-38.0,0.0,1.0,4.0,-40.57142857142857,-30.571428571428573,13.0,16.142857142857142,-35.142857142857146,1.4285714285714286,1.5714285714285714,-0.4761904761904769
6256,Oregon,2020-05-26,3967,148,-40.0,-20.0,12.0,74.0,-30.0,0.0,0.0,1.0,-40.42857142857143,-29.571428571428573,12.714285714285714,20.142857142857142,-34.57142857142857,1.1428571428571428,1.4285714285714286,1.0952380952380938
6257,Oregon,2020-05-27,4038,148,-39.0,-17.0,12.0,106.0,-27.0,0.0,0.0,2.0,-40.0,-28.571428571428573,12.571428571428571,22.571428571428573,-34.142857142857146,0.5714285714285714,1.1428571428571428,2.190476190476191
6258,Oregon,2020-05-28,4086,151,-39.0,-18.0,12.0,89.0,-28.0,3.0,0.0,0.0,-39.57142857142857,-27.285714285714285,12.285714285714286,26.571428571428573,-33.142857142857146,0.8571428571428571,0.5714285714285714,3.857142857142858
6259,Oregon,2020-05-29,4131,151,-37.0,-23.0,12.0,78.0,-27.0,0.0,3.0,1.0,-39.0,-26.571428571428573,12.142857142857142,25.428571428571427,-32.57142857142857,0.5714285714285714,0.8571428571428571,3.6666666666666656
6260,Oregon,2020-05-30,4185,153,-17.0,-32.0,8.0,0.0,-27.0,2.0,0.0,0.0,-38.285714285714285,-25.428571428571427,11.714285714285714,35.285714285714285,-30.714285714285715,0.8571428571428571,0.5714285714285714,7.19047619047619
6261,Oregon,2020-05-31,4243,153,-17.0,-20.0,5.0,48.0,-20.0,0.0,2.0,0.0,-37.142857142857146,-24.142857142857142,11.285714285714286,45.285714285714285,-29.571428571428573,0.7142857142857143,0.8571428571428571,10.80952380952381
6262,Oregon,2020-06-01,4302,154,-36.0,-11.0,10.0,84.0,-24.0,1.0,0.0,0.0,-32.142857142857146,-24.0,11.714285714285714,58.0,-29.571428571428573,0.8571428571428571,0.7142857142857143,15.238095238095239
6263,Oregon,2020-06-02,4335,157,-38.0,-13.0,11.0,87.0,-25.0,3.0,1.0,3.0,-31.857142857142858,-23.428571428571427,11.428571428571429,64.0,-29.0,1.2857142857142858,0.8571428571428571,17.333333333333332
6264,Oregon,2020-06-03,4399,159,-38.0,-12.0,11.0,98.0,-24.0,2.0,3.0,0.0,-31.714285714285715,-22.571428571428573,11.142857142857142,73.71428571428571,-28.142857142857142,1.5714285714285714,1.2857142857142858,20.76190476190476
6265,Oregon,2020-06-04,4474,159,-38.0,-15.0,11.0,81.0,-26.0,0.0,2.0,2.0,-31.571428571428573,-21.714285714285715,10.857142857142858,82.85714285714286,-27.285714285714285,1.1428571428571428,1.5714285714285714,24.0
6266,Oregon,2020-06-05,4570,161,-37.0,-19.0,11.0,56.0,-27.0,2.0,0.0,0.0,-31.571428571428573,-21.428571428571427,10.714285714285714,88.42857142857143,-27.0,1.4285714285714286,1.1428571428571428,25.90476190476191
6267,Oregon,2020-06-06,4570,161,-16.0,-25.0,7.0,27.0,-24.0,0.0,2.0,1.0,-31.428571428571427,-22.0,11.0,76.42857142857143,-28.285714285714285,1.1428571428571428,1.4285714285714286,21.80952380952381
6268,Oregon,2020-06-07,4662,163,-19.0,-19.0,6.0,15.0,-24.0,2.0,0.0,3.0,-31.714285714285715,-22.142857142857142,11.142857142857142,70.28571428571429,-28.142857142857142,1.4285714285714286,1.1428571428571428,19.761904761904763
6269,Oregon,2020-06-08,4922,164,-36.0,-14.0,11.0,52.0,-27.0,1.0,2.0,2.0,-31.714285714285715,-20.142857142857142,10.142857142857142,68.42857142857143,-26.142857142857142,1.4285714285714286,1.4285714285714286,19.476190476190478
6270,Oregon,2020-06-09,4988,169,-38.0,-16.0,12.0,38.0,-30.0,5.0,1.0,0.0,-31.714285714285715,-19.142857142857142,10.0,70.28571428571429,-25.428571428571427,1.7142857142857142,1.4285714285714286,20.380952380952383
6271,Oregon,2020-06-10,5060,169,-37.0,-11.0,10.0,107.0,-25.0,0.0,5.0,2.0,-31.571428571428573,-18.428571428571427,9.857142857142858,69.14285714285714,-25.0,1.4285714285714286,1.7142857142857142,20.19047619047619
6272,Oregon,2020-06-11,5237,171,-38.0,-14.0,11.0,82.0,-26.0,2.0,0.0,0.0,-31.571428571428573,-18.0,9.714285714285714,68.0,-24.714285714285715,1.7142857142857142,1.4285714285714286,19.904761904761905
6273,Oregon,2020-06-12,5377,173,-37.0,-20.0,12.0,32.0,-28.0,2.0,2.0,2.0,-31.571428571428573,-17.428571428571427,9.571428571428571,64.85714285714286,-24.714285714285715,1.7142857142857142,1.7142857142857142,19.000000000000004
6274,Oregon,2020-06-13,5377,173,-14.0,-22.0,6.0,42.0,-20.0,0.0,2.0,1.0,-31.285714285714285,-16.428571428571427,9.428571428571429,68.71428571428571,-24.285714285714285,1.7142857142857142,1.7142857142857142,20.57142857142857
6275,Oregon,2020-06-14,5636,176,-16.0,-14.0,3.0,74.0,-15.0,3.0,0.0,5.0,-30.857142857142858,-16.285714285714285,9.571428571428571,64.0,-24.857142857142858,1.8571428571428572,1.7142857142857142,19.095238095238095
