,CountryOrState,Date,confirmed,deaths,work,retail,residential,parks,transit,dDeaths,dDeaths_1,dDeaths_5,aWork,aRetail,aResidential,aParks,aTransit,adDeaths,adDeaths_1,mob_idx
6648,Rhode Island,2020-04-10,1727,43,-54.0,-44.0,25.0,-10.0,-63.0,0.0,8.0,8.0,-48.285714285714285,-45.857142857142854,19.714285714285715,10.857142857142858,-60.714285714285715,4.142857142857143,4.428571428571429,-5.095238095238094
6649,Rhode Island,2020-04-11,2349,56,-40.0,-45.0,15.0,45.0,-57.0,13.0,0.0,2.0,-48.57142857142857,-46.42857142857143,19.857142857142858,-0.14285714285714285,-61.142857142857146,5.571428571428571,4.142857142857143,-8.904761904761905
6650,Rhode Island,2020-04-12,2665,63,-43.0,-63.0,13.0,11.0,-67.0,7.0,13.0,3.0,-49.42857142857143,-45.714285714285715,19.714285714285715,7.571428571428571,-60.0,5.428571428571429,5.571428571428571,-6.142857142857143
6651,Rhode Island,2020-04-13,2665,63,-54.0,-56.0,24.0,-51.0,-75.0,0.0,7.0,5.0,-50.0,-44.857142857142854,19.571428571428573,18.142857142857142,-59.42857142857143,5.142857142857143,5.428571428571429,-2.3809523809523796
6652,Rhode Island,2020-04-14,3251,80,-51.0,-35.0,20.0,63.0,-61.0,17.0,0.0,8.0,-49.857142857142854,-44.714285714285715,19.571428571428573,18.285714285714285,-59.857142857142854,7.142857142857143,5.142857142857143,-2.285714285714286
6653,Rhode Island,2020-04-15,3251,80,-51.0,-36.0,21.0,11.0,-64.0,0.0,17.0,0.0,-49.57142857142857,-45.42857142857143,19.857142857142858,14.428571428571429,-60.714285714285715,6.428571428571429,7.142857142857143,-3.714285714285715
6654,Rhode Island,2020-04-16,3529,87,-51.0,-37.0,22.0,19.0,-64.0,7.0,0.0,13.0,-49.142857142857146,-46.142857142857146,20.142857142857142,10.857142857142858,-61.57142857142857,6.285714285714286,6.428571428571429,-5.047619047619048
6655,Rhode Island,2020-04-17,4177,118,-49.0,-39.0,23.0,13.0,-64.0,31.0,7.0,7.0,-48.42857142857143,-45.42857142857143,20.0,16.428571428571427,-61.42857142857143,10.714285714285714,6.285714285714286,-3.0000000000000013
6656,Rhode Island,2020-04-18,4491,137,-41.0,-54.0,17.0,-41.0,-68.0,19.0,31.0,0.0,-48.57142857142857,-44.714285714285715,20.0,19.714285714285715,-61.285714285714285,11.571428571428571,10.714285714285714,-1.6666666666666667
6657,Rhode Island,2020-04-19,4706,150,-35.0,-38.0,11.0,53.0,-58.0,13.0,19.0,17.0,-47.42857142857143,-46.57142857142857,20.0,20.714285714285715,-62.42857142857143,12.428571428571429,11.571428571428571,-1.9523809523809514
6658,Rhode Island,2020-04-20,5090,155,-50.0,-37.0,20.0,18.0,-66.0,5.0,13.0,0.0,-46.857142857142854,-49.0,20.714285714285715,2.142857142857143,-64.85714285714286,13.142857142857142,12.428571428571429,-8.714285714285714
6659,Rhode Island,2020-04-21,5500,171,-51.0,-43.0,23.0,-23.0,-68.0,16.0,5.0,7.0,-46.857142857142854,-48.285714285714285,20.571428571428573,1.8571428571428572,-65.0,13.0,13.142857142857142,-8.619047619047619
6660,Rhode Island,2020-04-22,5841,181,-51.0,-38.0,21.0,-2.0,-65.0,10.0,16.0,31.0,-46.857142857142854,-46.857142857142854,20.285714285714285,5.571428571428571,-65.0,14.428571428571429,13.0,-7.0
6661,Rhode Island,2020-04-23,6256,189,-50.0,-37.0,21.0,28.0,-64.0,8.0,10.0,19.0,-46.714285714285715,-45.142857142857146,20.0,12.571428571428571,-64.42857142857143,14.571428571428571,14.428571428571429,-4.190476190476192
6662,Rhode Island,2020-04-24,6699,202,-50.0,-45.0,26.0,-38.0,-69.0,13.0,8.0,13.0,-46.857142857142854,-44.42857142857143,19.714285714285715,15.857142857142858,-64.57142857142857,12.0,14.571428571428571,-2.9523809523809526
6663,Rhode Island,2020-04-25,7129,215,-35.0,-38.0,12.0,139.0,-51.0,13.0,13.0,5.0,-46.0,-45.714285714285715,20.0,3.5714285714285716,-66.14285714285714,11.142857142857142,12.0,-7.3809523809523805
6664,Rhode Island,2020-04-26,7439,226,-38.0,-48.0,13.0,-44.0,-67.0,11.0,13.0,16.0,-46.42857142857143,-42.142857142857146,19.714285714285715,9.571428571428571,-64.85714285714286,10.857142857142858,11.142857142857142,-4.2857142857142865
6665,Rhode Island,2020-04-27,7708,233,-49.0,-41.0,21.0,-33.0,-69.0,7.0,11.0,10.0,-46.285714285714285,-39.42857142857143,19.142857142857142,19.428571428571427,-63.57142857142857,11.142857142857142,10.857142857142858,-0.2857142857142871
6666,Rhode Island,2020-04-28,7927,239,-49.0,-32.0,15.0,35.0,-61.0,6.0,7.0,8.0,-46.0,-40.57142857142857,19.571428571428573,7.142857142857143,-64.57142857142857,9.714285714285714,11.142857142857142,-4.619047619047618
6667,Rhode Island,2020-04-29,8247,251,-50.0,-31.0,19.0,55.0,-59.0,12.0,6.0,13.0,-45.857142857142854,-40.857142857142854,19.571428571428573,5.285714285714286,-64.71428571428571,10.0,9.714285714285714,-5.333333333333332
6668,Rhode Island,2020-04-30,8621,266,-50.0,-39.0,22.0,-17.0,-62.0,15.0,12.0,13.0,-45.857142857142854,-40.857142857142854,19.428571428571427,6.571428571428571,-64.71428571428571,11.0,10.0,-4.952380952380952
6669,Rhode Island,2020-05-01,8962,279,-48.0,-35.0,23.0,23.0,-58.0,13.0,15.0,11.0,-45.57142857142857,-41.714285714285715,19.857142857142858,-0.7142857142857143,-65.42857142857143,11.0,11.0,-7.523809523809525
6670,Rhode Island,2020-05-02,9289,296,-32.0,-33.0,11.0,140.0,-41.0,17.0,13.0,7.0,-45.142857142857146,-39.42857142857143,19.142857142857142,25.0,-63.0,11.571428571428571,11.0,1.5714285714285705
6671,Rhode Island,2020-05-03,9477,320,-29.0,-27.0,8.0,100.0,-41.0,24.0,17.0,6.0,-43.857142857142854,-40.857142857142854,19.428571428571427,11.142857142857142,-64.28571428571429,13.428571428571429,11.571428571428571,-3.4285714285714284
6672,Rhode Island,2020-05-04,9652,341,-47.0,-26.0,18.0,56.0,-57.0,21.0,24.0,12.0,-43.57142857142857,-41.42857142857143,19.571428571428573,3.857142857142857,-64.71428571428571,15.428571428571429,13.428571428571429,-6.0
6673,Rhode Island,2020-05-05,9933,355,-47.0,-23.0,18.0,67.0,-54.0,14.0,21.0,15.0,-43.285714285714285,-39.857142857142854,18.428571428571427,12.142857142857142,-63.714285714285715,16.571428571428573,15.428571428571429,-3.095238095238095
6674,Rhode Island,2020-05-06,10205,370,-48.0,-30.0,19.0,24.0,-57.0,15.0,14.0,13.0,-43.0,-38.857142857142854,18.142857142857142,20.285714285714285,-62.857142857142854,17.0,16.571428571428573,-0.14285714285714235
6675,Rhode Island,2020-05-07,10530,388,-47.0,-30.0,19.0,71.0,-56.0,18.0,15.0,17.0,-42.57142857142857,-39.142857142857146,18.285714285714285,13.857142857142858,-62.57142857142857,17.428571428571427,17.0,-2.3333333333333344
6676,Rhode Island,2020-05-08,10779,399,-46.0,-35.0,21.0,7.0,-56.0,11.0,18.0,24.0,-42.285714285714285,-37.714285714285715,17.857142857142858,22.571428571428573,-61.0,17.142857142857142,17.428571428571427,0.9047619047619051
6677,Rhode Island,2020-05-09,10989,418,-32.0,-35.0,12.0,16.0,-54.0,19.0,11.0,21.0,-42.285714285714285,-37.0,17.714285714285715,22.714285714285715,-59.57142857142857,17.428571428571427,17.142857142857142,1.1428571428571435
6678,Rhode Island,2020-05-10,11274,422,-26.0,-26.0,8.0,53.0,-47.0,4.0,19.0,14.0,-41.857142857142854,-34.0,17.0,43.285714285714285,-55.857142857142854,14.571428571428571,17.428571428571427,8.761904761904761
6679,Rhode Island,2020-05-11,11450,430,-45.0,-33.0,18.0,23.0,-58.0,8.0,4.0,15.0,-41.57142857142857,-31.857142857142858,16.571428571428573,56.0,-54.142857142857146,12.714285714285714,14.571428571428571,13.571428571428571
6680,Rhode Island,2020-05-12,11614,444,-45.0,-26.0,17.0,72.0,-53.0,14.0,8.0,18.0,-41.285714285714285,-30.571428571428573,17.0,60.57142857142857,-53.142857142857146,12.714285714285714,12.714285714285714,15.666666666666666
6681,Rhode Island,2020-05-13,11835,462,-45.0,-25.0,17.0,77.0,-51.0,18.0,14.0,11.0,-40.857142857142854,-30.428571428571427,17.0,56.142857142857146,-52.857142857142854,13.142857142857142,12.714285714285714,14.23809523809524
6682,Rhode Island,2020-05-14,12016,468,-45.0,-23.0,17.0,139.0,-49.0,6.0,18.0,19.0,-40.57142857142857,-29.142857142857142,16.571428571428573,68.71428571428571,-52.0,11.428571428571429,13.142857142857142,18.71428571428571
6683,Rhode Island,2020-05-15,12219,479,-44.0,-27.0,19.0,106.0,-51.0,11.0,6.0,4.0,-40.285714285714285,-29.142857142857142,16.285714285714285,66.42857142857143,-51.714285714285715,11.428571428571429,11.428571428571429,17.857142857142858
6684,Rhode Island,2020-05-16,12434,489,-28.0,-26.0,8.0,232.0,-42.0,10.0,11.0,8.0,-39.714285714285715,-29.428571428571427,16.428571428571427,48.714285714285715,-53.57142857142857,10.142857142857142,11.428571428571429,11.904761904761905
6685,Rhode Island,2020-05-17,12674,499,-23.0,-24.0,8.0,107.0,-46.0,10.0,10.0,14.0,-39.285714285714285,-29.285714285714285,16.428571428571427,42.0,-54.42857142857143,11.0,10.142857142857142,9.714285714285714
6686,Rhode Island,2020-05-18,12795,506,-42.0,-23.0,16.0,74.0,-52.0,7.0,10.0,18.0,-38.857142857142854,-30.285714285714285,16.428571428571427,37.285714285714285,-54.57142857142857,10.857142857142858,11.0,7.809523809523809
6687,Rhode Island,2020-05-19,12951,532,-43.0,-19.0,16.0,102.0,-51.0,26.0,7.0,6.0,-38.57142857142857,-30.714285714285715,16.285714285714285,38.0,-54.42857142857143,12.571428571428571,10.857142857142858,7.857142857142857
6688,Rhode Island,2020-05-20,13356,538,-43.0,-17.0,15.0,128.0,-51.0,6.0,26.0,11.0,-38.285714285714285,-30.0,16.0,45.57142857142857,-53.57142857142857,10.857142857142858,12.571428571428571,10.523809523809524
6689,Rhode Island,2020-05-21,13571,556,-43.0,-17.0,16.0,149.0,-49.0,18.0,6.0,10.0,-38.0,-29.0,15.714285714285714,55.285714285714285,-52.57142857142857,12.571428571428571,10.857142857142858,14.0
6690,Rhode Island,2020-05-22,13736,579,-43.0,-18.0,16.0,192.0,-46.0,23.0,18.0,10.0,-37.857142857142854,-27.857142857142858,15.428571428571429,69.42857142857143,-51.857142857142854,14.285714285714286,12.571428571428571,19.0
6691,Rhode Island,2020-05-23,13952,597,-27.0,-32.0,11.0,42.0,-54.0,18.0,23.0,7.0,-37.714285714285715,-26.571428571428573,14.857142857142858,100.28571428571429,-50.142857142857146,15.428571428571429,14.285714285714286,29.52380952380953
6692,Rhode Island,2020-05-24,14065,608,-20.0,-13.0,4.0,203.0,-40.0,11.0,18.0,26.0,-37.285714285714285,-26.285714285714285,14.857142857142858,108.0,-50.0,15.571428571428571,15.428571428571429,32.19047619047619
6693,Rhode Island,2020-05-25,14065,608,-73.0,-18.0,22.0,212.0,-61.0,0.0,11.0,6.0,-41.714285714285715,-24.857142857142858,14.571428571428571,115.28571428571429,-49.142857142857146,14.571428571428571,15.571428571428571,35.0
6694,Rhode Island,2020-05-26,14210,634,-41.0,-17.0,14.0,162.0,-48.0,26.0,0.0,18.0,-41.42857142857143,-23.857142857142858,14.428571428571429,119.57142857142857,-48.857142857142854,14.571428571428571,14.571428571428571,36.714285714285715
6695,Rhode Island,2020-05-27,14353,655,-41.0,-13.0,14.0,164.0,-46.0,21.0,26.0,23.0,-41.142857142857146,-22.714285714285715,14.142857142857142,126.85714285714286,-48.857142857142854,16.714285714285715,14.571428571428571,39.42857142857143
6696,Rhode Island,2020-05-28,14494,677,-41.0,-18.0,16.0,100.0,-47.0,22.0,21.0,18.0,-40.857142857142854,-21.857142857142858,14.0,128.28571428571428,-48.857142857142854,17.285714285714285,16.714285714285715,40.14285714285714
6697,Rhode Island,2020-05-29,14635,693,-39.0,-22.0,17.0,71.0,-49.0,16.0,22.0,11.0,-40.285714285714285,-20.571428571428573,13.571428571428571,140.57142857142858,-48.142857142857146,16.285714285714285,17.285714285714285,44.523809523809526
6698,Rhode Island,2020-05-30,14819,711,-16.0,-19.0,7.0,250.0,-37.0,18.0,16.0,0.0,-38.714285714285715,-21.428571428571427,14.0,113.42857142857143,-49.857142857142854,16.285714285714285,16.285714285714285,35.333333333333336
6699,Rhode Island,2020-05-31,14928,718,-12.0,-10.0,5.0,191.0,-37.0,7.0,18.0,26.0,-37.57142857142857,-19.857142857142858,13.428571428571429,127.14285714285714,-49.0,15.714285714285714,16.285714285714285,40.238095238095234
6700,Rhode Island,2020-06-01,14991,720,-37.0,-6.0,12.0,133.0,-43.0,2.0,7.0,21.0,-32.42857142857143,-19.142857142857142,14.285714285714286,146.85714285714286,-50.285714285714285,16.0,15.714285714285714,47.333333333333336
6701,Rhode Island,2020-06-02,15112,732,-38.0,-11.0,13.0,126.0,-42.0,12.0,2.0,22.0,-32.0,-18.857142857142858,14.0,155.42857142857142,-49.857142857142854,14.0,16.0,50.19047619047618
6702,Rhode Island,2020-06-03,15219,742,-39.0,-10.0,13.0,111.0,-46.0,10.0,12.0,16.0,-31.714285714285715,-18.285714285714285,13.857142857142858,160.57142857142858,-49.142857142857146,12.428571428571429,14.0,52.04761904761906
6703,Rhode Island,2020-06-04,15325,756,-39.0,-7.0,13.0,235.0,-40.0,14.0,10.0,18.0,-31.428571428571427,-18.428571428571427,13.857142857142858,153.57142857142858,-48.857142857142854,11.285714285714286,12.428571428571429,49.666666666666664
6704,Rhode Island,2020-06-05,15441,772,-38.0,-15.0,15.0,112.0,-39.0,16.0,14.0,7.0,-31.285714285714285,-19.0,14.0,136.28571428571428,-49.285714285714285,11.285714285714286,11.285714285714286,43.76190476190476
6705,Rhode Island,2020-06-06,15441,772,-17.0,-17.0,6.0,216.0,-41.0,0.0,16.0,2.0,-31.428571428571427,-17.142857142857142,13.428571428571429,166.0,-46.857142857142854,8.714285714285714,11.285714285714286,54.095238095238095
6706,Rhode Island,2020-06-07,15441,772,-13.0,-7.0,4.0,173.0,-35.0,0.0,0.0,12.0,-31.571428571428573,-16.714285714285715,13.571428571428571,164.28571428571428,-46.42857142857143,7.714285714285714,8.714285714285714,53.714285714285715
6707,Rhode Island,2020-06-08,15642,799,-36.0,-3.0,11.0,236.0,-40.0,27.0,0.0,10.0,-31.428571428571427,-15.0,12.142857142857142,153.0,-43.857142857142854,11.285714285714286,7.714285714285714,50.047619047619044
6708,Rhode Island,2020-06-09,15691,808,-37.0,-3.0,11.0,218.0,-39.0,9.0,27.0,14.0,-31.285714285714285,-14.142857142857142,12.0,147.85714285714286,-43.0,10.857142857142858,11.285714285714286,48.57142857142858
6709,Rhode Island,2020-06-10,15756,812,-38.0,-4.0,12.0,181.0,-39.0,4.0,9.0,16.0,-31.142857142857142,-13.714285714285714,11.857142857142858,140.28571428571428,-43.0,10.0,10.857142857142858,46.14285714285714
6710,Rhode Island,2020-06-11,15862,823,-38.0,-14.0,14.0,53.0,-44.0,11.0,4.0,0.0,-31.0,-12.142857142857142,11.428571428571429,159.57142857142858,-42.0,9.571428571428571,10.0,52.952380952380956
6711,Rhode Island,2020-06-12,15947,833,-36.0,-8.0,12.0,246.0,-37.0,10.0,11.0,0.0,-30.714285714285715,-11.142857142857142,11.142857142857142,165.42857142857142,-40.57142857142857,8.714285714285714,9.571428571428571,55.14285714285714
6712,Rhode Island,2020-06-13,15947,833,-13.0,-9.0,3.0,388.0,-23.0,0.0,10.0,27.0,-30.142857142857142,-10.857142857142858,11.0,160.57142857142858,-41.142857142857146,8.714285714285714,8.714285714285714,53.57142857142858
6713,Rhode Island,2020-06-14,15947,833,-9.0,-1.0,3.0,264.0,-19.0,0.0,0.0,9.0,-29.571428571428573,-10.428571428571429,10.857142857142858,158.0,-40.857142857142854,8.714285714285714,8.714285714285714,52.8095238095238
