,CountryOrState,Date,confirmed,deaths,work,retail,residential,parks,transit,dDeaths,dDeaths_1,dDeaths_5,aWork,aRetail,aResidential,aParks,aTransit,adDeaths,adDeaths_1,mob_idx
7802,Virginia,2020-03-27,607,10,-44.0,-37.0,20.0,41.0,-49.0,0.0,1.0,3.0,-38.714285714285715,-15.857142857142858,10.0,33.285714285714285,-24.714285714285715,1.1428571428571428,1.1428571428571428,9.142857142857142
7803,Virginia,2020-03-28,740,13,-31.0,-42.0,12.0,24.0,-44.0,3.0,0.0,0.0,-39.857142857142854,-20.142857142857142,11.142857142857142,28.857142857142858,-28.714285714285715,1.4285714285714286,1.1428571428571428,6.6190476190476195
7804,Virginia,2020-03-29,890,20,-36.0,-39.0,11.0,46.0,-50.0,7.0,3.0,3.0,-40.57142857142857,-23.571428571428573,11.857142857142858,32.857142857142854,-32.42857142857143,2.0,1.4285714285714286,7.047619047619047
7805,Virginia,2020-03-30,1020,15,-44.0,-32.0,18.0,21.0,-49.0,-5.0,7.0,0.0,-41.142857142857146,-27.428571428571427,13.285714285714286,27.285714285714285,-35.857142857142854,1.2857142857142858,2.0,4.380952380952381
7806,Virginia,2020-03-31,1249,27,-48.0,-40.0,21.0,-15.0,-51.0,12.0,-5.0,1.0,-42.0,-30.0,14.142857142857142,24.0,-38.42857142857143,2.5714285714285716,1.2857142857142858,2.714285714285714
7807,Virginia,2020-04-01,1483,34,-49.0,-38.0,21.0,-11.0,-50.0,7.0,12.0,0.0,-42.42857142857143,-32.57142857142857,15.285714285714286,16.285714285714285,-41.142857142857146,3.5714285714285716,2.5714285714285716,-0.3333333333333333
7808,Virginia,2020-04-02,1706,41,-49.0,-38.0,21.0,9.0,-52.0,7.0,7.0,3.0,-43.0,-34.285714285714285,16.0,12.285714285714286,-42.857142857142854,4.428571428571429,3.5714285714285716,-1.9999999999999993
7809,Virginia,2020-04-03,2012,46,-48.0,-38.0,22.0,13.0,-52.0,5.0,7.0,7.0,-43.57142857142857,-35.857142857142854,16.714285714285715,9.714285714285714,-44.714285714285715,5.142857142857143,4.428571428571429,-3.142857142857142
7810,Virginia,2020-04-04,2407,52,-34.0,-45.0,14.0,4.0,-51.0,6.0,5.0,-5.0,-44.0,-36.57142857142857,16.857142857142858,12.285714285714286,-46.142857142857146,5.571428571428571,5.142857142857143,-2.476190476190475
7811,Virginia,2020-04-05,2640,52,-39.0,-44.0,12.0,21.0,-56.0,0.0,6.0,12.0,-44.42857142857143,-36.714285714285715,17.0,16.714285714285715,-47.142857142857146,4.571428571428571,5.571428571428571,-1.0
7812,Virginia,2020-04-06,2878,66,-48.0,-38.0,20.0,18.0,-54.0,14.0,0.0,7.0,-45.0,-36.42857142857143,16.857142857142858,23.857142857142858,-47.142857142857146,7.285714285714286,4.571428571428571,1.4285714285714282
7813,Virginia,2020-04-07,3335,66,-50.0,-37.0,20.0,29.0,-50.0,0.0,14.0,7.0,-45.285714285714285,-37.714285714285715,17.428571428571427,17.571428571428573,-48.285714285714285,5.571428571428571,7.285714285714286,-0.9047619047619051
7814,Virginia,2020-04-08,3645,66,-52.0,-38.0,21.0,24.0,-49.0,0.0,0.0,5.0,-45.714285714285715,-37.57142857142857,17.428571428571427,20.0,-48.42857142857143,4.571428571428571,5.571428571428571,-0.04761904761904745
7815,Virginia,2020-04-09,4042,109,-51.0,-38.0,21.0,15.0,-53.0,43.0,0.0,6.0,-46.0,-38.0,17.714285714285715,16.428571428571427,-49.285714285714285,9.714285714285714,4.571428571428571,-1.2857142857142858
7816,Virginia,2020-04-10,4509,121,-54.0,-39.0,24.0,-7.0,-56.0,12.0,43.0,0.0,-46.857142857142854,-38.142857142857146,18.0,12.428571428571429,-49.714285714285715,10.714285714285714,9.714285714285714,-2.5714285714285725
7817,Virginia,2020-04-11,5077,130,-36.0,-40.0,13.0,17.0,-49.0,9.0,12.0,14.0,-47.142857142857146,-38.57142857142857,18.285714285714285,9.571428571428571,-50.714285714285715,11.142857142857142,10.714285714285714,-3.571428571428571
7818,Virginia,2020-04-12,5274,141,-44.0,-59.0,12.0,-8.0,-59.0,11.0,9.0,0.0,-47.857142857142854,-39.285714285714285,18.428571428571427,6.0,-51.57142857142857,12.714285714285714,11.142857142857142,-4.9523809523809526
7819,Virginia,2020-04-13,5747,149,-52.0,-44.0,23.0,-14.0,-58.0,8.0,11.0,0.0,-48.42857142857143,-40.142857142857146,18.714285714285715,5.571428571428571,-52.285714285714285,11.857142857142858,12.714285714285714,-5.2857142857142865
7820,Virginia,2020-04-14,6182,154,-49.0,-36.0,20.0,24.0,-49.0,5.0,8.0,43.0,-48.285714285714285,-39.714285714285715,18.571428571428573,11.857142857142858,-52.142857142857146,12.571428571428571,11.857142857142858,-3.095238095238095
7821,Virginia,2020-04-15,6500,195,-50.0,-33.0,21.0,1.0,-49.0,41.0,5.0,12.0,-48.0,-39.714285714285715,18.571428571428573,16.857142857142858,-52.0,18.428571428571427,12.571428571428571,-1.4285714285714282
7822,Virginia,2020-04-16,6889,208,-49.0,-34.0,20.0,14.0,-50.0,13.0,41.0,9.0,-47.714285714285715,-39.714285714285715,18.571428571428573,17.714285714285715,-52.142857142857146,14.142857142857142,18.428571428571427,-1.1428571428571423
7823,Virginia,2020-04-17,7491,231,-48.0,-36.0,21.0,19.0,-51.0,23.0,13.0,11.0,-46.857142857142854,-39.857142857142854,18.857142857142858,14.857142857142858,-52.714285714285715,15.714285714285714,14.142857142857142,-2.047619047619046
7824,Virginia,2020-04-18,8053,258,-33.0,-43.0,14.0,-13.0,-48.0,27.0,23.0,8.0,-46.42857142857143,-39.142857142857146,18.714285714285715,16.714285714285715,-52.42857142857143,18.285714285714285,15.714285714285714,-1.2380952380952384
7825,Virginia,2020-04-19,8542,277,-36.0,-40.0,11.0,22.0,-53.0,19.0,27.0,5.0,-45.285714285714285,-41.285714285714285,18.714285714285715,12.571428571428571,-52.857142857142854,19.428571428571427,18.285714285714285,-3.3333333333333326
7826,Virginia,2020-04-20,8990,300,-48.0,-38.0,21.0,-11.0,-54.0,23.0,19.0,41.0,-44.714285714285715,-42.142857142857146,19.142857142857142,8.0,-53.42857142857143,21.571428571428573,19.428571428571427,-5.000000000000001
7827,Virginia,2020-04-21,9630,324,-49.0,-34.0,20.0,25.0,-48.0,24.0,23.0,13.0,-44.714285714285715,-42.0,19.142857142857142,7.285714285714286,-53.285714285714285,24.285714285714285,21.571428571428573,-5.190476190476191
7828,Virginia,2020-04-22,10266,349,-49.0,-32.0,19.0,32.0,-45.0,25.0,24.0,23.0,-44.57142857142857,-41.285714285714285,19.142857142857142,4.0,-53.285714285714285,22.0,24.285714285714285,-6.0476190476190474
7829,Virginia,2020-04-23,10998,373,-49.0,-38.0,22.0,-17.0,-51.0,24.0,25.0,27.0,-44.57142857142857,-40.714285714285715,19.0,3.857142857142857,-52.857142857142854,23.571428571428573,22.0,-5.9523809523809526
7830,Virginia,2020-04-24,11594,411,-49.0,-38.0,22.0,1.0,-52.0,38.0,24.0,19.0,-44.714285714285715,-40.285714285714285,18.571428571428573,7.571428571428571,-52.142857142857146,25.714285714285715,23.571428571428573,-4.7142857142857135
7831,Virginia,2020-04-25,12366,437,-32.0,-41.0,12.0,6.0,-44.0,26.0,38.0,23.0,-44.57142857142857,-40.714285714285715,18.714285714285715,3.2857142857142856,-52.0,25.571428571428573,25.714285714285715,-6.238095238095238
7832,Virginia,2020-04-26,12970,449,-37.0,-41.0,11.0,-8.0,-52.0,12.0,26.0,24.0,-44.714285714285715,-38.0,18.571428571428573,7.571428571428571,-51.142857142857146,24.571428571428573,25.571428571428573,-3.952380952380952
7833,Virginia,2020-04-27,13538,460,-46.0,-33.0,19.0,0.0,-51.0,11.0,12.0,25.0,-44.42857142857143,-37.142857142857146,18.285714285714285,8.0,-50.57142857142857,22.857142857142858,24.571428571428573,-3.6190476190476204
7834,Virginia,2020-04-28,14339,492,-48.0,-32.0,14.0,23.0,-46.0,32.0,11.0,24.0,-44.285714285714285,-36.857142857142854,18.285714285714285,8.142857142857142,-50.42857142857143,24.0,22.857142857142858,-3.476190476190476
7835,Virginia,2020-04-29,14962,522,-49.0,-29.0,18.0,40.0,-43.0,30.0,32.0,38.0,-44.285714285714285,-36.714285714285715,18.0,12.571428571428571,-49.857142857142854,24.714285714285715,24.0,-2.047619047619048
7836,Virginia,2020-04-30,15847,552,-50.0,-38.0,22.0,-30.0,-52.0,30.0,30.0,26.0,-44.42857142857143,-37.285714285714285,18.285714285714285,8.142857142857142,-50.0,25.571428571428573,24.714285714285715,-3.619047619047619
7837,Virginia,2020-05-01,16902,581,-47.0,-30.0,20.0,13.0,-45.0,29.0,30.0,12.0,-44.142857142857146,-37.57142857142857,18.428571428571427,5.571428571428571,-50.142857142857146,24.285714285714285,25.571428571428573,-4.523809523809524
7838,Virginia,2020-05-02,17738,617,-29.0,-33.0,9.0,68.0,-32.0,36.0,29.0,11.0,-43.714285714285715,-37.285714285714285,18.142857142857142,8.285714285714286,-49.57142857142857,25.714285714285715,24.285714285714285,-3.6190476190476186
7839,Virginia,2020-05-03,18672,660,-33.0,-34.0,9.0,39.0,-45.0,43.0,36.0,32.0,-43.142857142857146,-37.42857142857143,18.142857142857142,4.0,-49.42857142857143,30.142857142857142,25.714285714285715,-5.095238095238096
7840,Virginia,2020-05-04,19493,684,-45.0,-26.0,17.0,39.0,-45.0,24.0,43.0,30.0,-43.0,-36.714285714285715,17.857142857142858,5.571428571428571,-49.0,32.0,30.142857142857142,-4.428571428571429
7841,Virginia,2020-05-05,20257,713,-47.0,-28.0,19.0,5.0,-45.0,29.0,24.0,30.0,-42.857142857142854,-36.42857142857143,17.0,5.285714285714286,-48.714285714285715,31.571428571428573,32.0,-4.714285714285715
7842,Virginia,2020-05-06,20985,737,-48.0,-30.0,19.0,3.0,-45.0,24.0,29.0,29.0,-42.714285714285715,-36.0,16.857142857142858,6.428571428571429,-48.42857142857143,30.714285714285715,31.571428571428573,-4.238095238095238
7843,Virginia,2020-05-07,21570,769,-47.0,-28.0,18.0,44.0,-42.0,32.0,24.0,36.0,-42.285714285714285,-36.0,16.857142857142858,4.571428571428571,-48.57142857142857,31.0,30.714285714285715,-4.857142857142857
7844,Virginia,2020-05-08,22342,812,-46.0,-32.0,20.0,3.0,-45.0,43.0,32.0,43.0,-42.142857142857146,-34.857142857142854,16.571428571428573,6.285714285714286,-47.57142857142857,33.0,31.0,-3.9999999999999987
7845,Virginia,2020-05-09,23196,827,-28.0,-32.0,10.0,8.0,-36.0,15.0,43.0,24.0,-42.0,-33.714285714285715,16.142857142857142,15.142857142857142,-45.857142857142854,30.0,33.0,-0.8095238095238102
7846,Virginia,2020-05-10,24081,839,-30.0,-29.0,7.0,44.0,-41.0,12.0,15.0,29.0,-41.57142857142857,-32.714285714285715,15.857142857142858,21.857142857142858,-44.857142857142854,25.571428571428573,30.0,1.6666666666666667
7847,Virginia,2020-05-11,25070,850,-44.0,-31.0,18.0,13.0,-46.0,11.0,12.0,24.0,-41.42857142857143,-31.714285714285715,15.571428571428571,27.428571428571427,-44.0,23.714285714285715,25.571428571428573,3.7619047619047605
7848,Virginia,2020-05-12,25800,892,-45.0,-28.0,17.0,42.0,-41.0,42.0,11.0,32.0,-41.142857142857146,-31.142857142857142,16.285714285714285,24.857142857142858,-43.857142857142854,25.571428571428573,23.714285714285715,3.3333333333333335
7849,Virginia,2020-05-13,26746,928,-46.0,-27.0,18.0,48.0,-40.0,36.0,42.0,43.0,-40.857142857142854,-31.285714285714285,16.428571428571427,19.571428571428573,-44.142857142857146,27.285714285714285,25.571428571428573,1.5714285714285718
7850,Virginia,2020-05-14,27813,956,-46.0,-29.0,18.0,40.0,-42.0,28.0,36.0,15.0,-40.714285714285715,-29.857142857142858,15.857142857142858,30.142857142857142,-42.714285714285715,26.714285714285715,27.285714285714285,5.3809523809523805
7851,Virginia,2020-05-15,28672,978,-45.0,-28.0,17.0,68.0,-41.0,22.0,28.0,12.0,-40.57142857142857,-30.142857142857142,15.857142857142858,28.714285714285715,-42.714285714285715,23.714285714285715,26.714285714285715,4.80952380952381
7852,Virginia,2020-05-16,29683,1003,-25.0,-31.0,8.0,74.0,-31.0,25.0,22.0,11.0,-40.142857142857146,-30.0,16.0,20.142857142857142,-43.285714285714285,25.142857142857142,23.714285714285715,2.0476190476190474
7853,Virginia,2020-05-17,30388,1010,-27.0,-30.0,8.0,48.0,-40.0,7.0,25.0,42.0,-39.714285714285715,-29.285714285714285,15.714285714285714,20.857142857142858,-42.714285714285715,24.428571428571427,25.142857142857142,2.428571428571429
7854,Virginia,2020-05-18,31140,1015,-43.0,-30.0,18.0,-7.0,-47.0,5.0,7.0,36.0,-39.57142857142857,-30.0,15.857142857142858,17.142857142857142,-42.857142857142854,23.571428571428573,24.428571428571427,1.0
7855,Virginia,2020-05-19,32145,1042,-44.0,-26.0,18.0,8.0,-43.0,27.0,5.0,28.0,-39.42857142857143,-30.0,15.571428571428571,22.428571428571427,-42.285714285714285,21.428571428571427,23.571428571428573,2.666666666666666
7856,Virginia,2020-05-20,32908,1075,-45.0,-27.0,18.0,6.0,-41.0,33.0,27.0,22.0,-39.285714285714285,-29.571428571428573,15.428571428571429,28.857142857142858,-41.57142857142857,21.0,21.428571428571427,4.904761904761904
7857,Virginia,2020-05-21,34137,1100,-45.0,-27.0,18.0,14.0,-41.0,25.0,33.0,25.0,-39.142857142857146,-29.714285714285715,15.428571428571429,28.285714285714285,-41.57142857142857,20.571428571428573,21.0,4.666666666666666
7858,Virginia,2020-05-22,34950,1136,-45.0,-26.0,18.0,37.0,-39.0,36.0,25.0,7.0,-39.142857142857146,-29.142857142857142,15.0,37.57142857142857,-41.0,22.571428571428573,20.571428571428573,7.809523809523809
7859,Virginia,2020-05-23,35749,1159,-22.0,-29.0,7.0,89.0,-27.0,23.0,36.0,5.0,-38.714285714285715,-29.0,14.714285714285714,47.0,-40.285714285714285,22.285714285714285,22.571428571428573,10.904761904761905
7860,Virginia,2020-05-24,36244,1171,-27.0,-29.0,7.0,62.0,-40.0,12.0,23.0,27.0,-38.714285714285715,-29.142857142857142,14.857142857142858,47.57142857142857,-40.142857142857146,23.0,22.285714285714285,11.095238095238095
7861,Virginia,2020-05-25,37727,1208,-73.0,-28.0,22.0,103.0,-48.0,37.0,12.0,33.0,-43.0,-29.0,14.857142857142858,44.714285714285715,-40.285714285714285,27.571428571428573,23.0,10.190476190476192
7862,Virginia,2020-05-26,39342,1236,-43.0,-23.0,15.0,64.0,-39.0,28.0,37.0,25.0,-42.857142857142854,-28.714285714285715,15.0,39.857142857142854,-40.57142857142857,27.714285714285715,27.571428571428573,8.714285714285714
7863,Virginia,2020-05-27,40249,1281,-43.0,-23.0,16.0,44.0,-36.0,45.0,28.0,36.0,-42.57142857142857,-28.714285714285715,15.0,33.857142857142854,-40.714285714285715,29.428571428571427,27.714285714285715,6.714285714285713
7864,Virginia,2020-05-28,41401,1338,-42.0,-24.0,17.0,23.0,-40.0,57.0,45.0,23.0,-42.142857142857146,-28.428571428571427,15.0,30.142857142857142,-40.57142857142857,34.0,29.428571428571427,5.571428571428572
7865,Virginia,2020-05-29,42533,1358,-41.0,-25.0,17.0,40.0,-38.0,20.0,57.0,12.0,-41.57142857142857,-28.142857142857142,15.142857142857142,25.714285714285715,-40.285714285714285,31.714285714285715,34.0,4.238095238095238
7866,Virginia,2020-05-30,43611,1370,-13.0,-27.0,7.0,78.0,-26.0,12.0,20.0,37.0,-40.285714285714285,-27.857142857142858,15.0,27.857142857142858,-39.714285714285715,30.142857142857142,31.714285714285715,5.0
7867,Virginia,2020-05-31,44607,1375,-17.0,-23.0,5.0,96.0,-30.0,5.0,12.0,28.0,-38.857142857142854,-27.714285714285715,14.857142857142858,29.857142857142858,-39.714285714285715,29.142857142857142,30.142857142857142,5.666666666666667
7868,Virginia,2020-06-01,45398,1392,-39.0,-17.0,14.0,58.0,-38.0,17.0,5.0,45.0,-34.0,-27.428571428571427,15.428571428571429,45.57142857142857,-39.857142857142854,26.285714285714285,29.142857142857142,11.19047619047619
7869,Virginia,2020-06-02,46239,1407,-40.0,-18.0,14.0,76.0,-35.0,15.0,17.0,57.0,-33.57142857142857,-27.0,15.0,53.57142857142857,-39.285714285714285,24.428571428571427,26.285714285714285,13.857142857142856
7870,Virginia,2020-06-03,46905,1428,-41.0,-17.0,14.0,63.0,-34.0,21.0,15.0,20.0,-33.285714285714285,-26.428571428571427,14.714285714285714,59.0,-38.57142857142857,21.0,24.428571428571427,15.761904761904761
7871,Virginia,2020-06-04,47856,1445,-41.0,-20.0,15.0,48.0,-36.0,17.0,21.0,12.0,-33.142857142857146,-26.0,14.571428571428571,60.285714285714285,-38.42857142857143,15.285714285714286,21.0,16.285714285714285
7872,Virginia,2020-06-05,48532,1454,-40.0,-22.0,15.0,50.0,-35.0,9.0,17.0,5.0,-33.0,-25.857142857142858,14.428571428571429,60.714285714285715,-38.285714285714285,13.714285714285714,15.285714285714286,16.428571428571427
7873,Virginia,2020-06-06,49397,1461,-14.0,-23.0,5.0,92.0,-20.0,7.0,9.0,17.0,-33.142857142857146,-25.571428571428573,14.428571428571429,59.142857142857146,-38.142857142857146,13.0,13.714285714285714,16.0
7874,Virginia,2020-06-07,50681,1472,-17.0,-19.0,4.0,116.0,-26.0,11.0,7.0,15.0,-33.142857142857146,-24.714285714285715,14.142857142857142,64.0,-36.714285714285715,13.857142857142858,13.0,17.80952380952381
7875,Virginia,2020-06-08,51251,1477,-38.0,-16.0,13.0,70.0,-35.0,5.0,11.0,21.0,-33.0,-23.142857142857142,13.0,57.57142857142857,-35.285714285714285,12.142857142857142,13.857142857142858,15.80952380952381
7876,Virginia,2020-06-09,51738,1496,-39.0,-15.0,13.0,85.0,-33.0,19.0,5.0,17.0,-32.857142857142854,-22.428571428571427,12.857142857142858,59.285714285714285,-34.714285714285715,12.714285714285714,12.142857142857142,16.571428571428573
7877,Virginia,2020-06-10,52177,1514,-40.0,-15.0,14.0,60.0,-33.0,18.0,19.0,9.0,-32.714285714285715,-21.571428571428573,12.571428571428571,62.0,-34.42857142857143,12.285714285714286,12.714285714285714,17.666666666666668
7878,Virginia,2020-06-11,52647,1520,-40.0,-17.0,14.0,50.0,-35.0,6.0,18.0,7.0,-32.57142857142857,-21.0,12.285714285714286,65.57142857142857,-33.857142857142854,10.714285714285714,12.285714285714286,18.952380952380953
7879,Virginia,2020-06-12,53211,1534,-39.0,-17.0,13.0,94.0,-30.0,14.0,6.0,11.0,-32.42857142857143,-20.571428571428573,12.0,67.0,-33.42857142857143,11.428571428571429,10.714285714285714,19.476190476190478
7880,Virginia,2020-06-13,53869,1541,-11.0,-19.0,4.0,141.0,-14.0,7.0,14.0,5.0,-32.0,-20.0,11.714285714285714,69.0,-32.57142857142857,11.428571428571429,11.428571428571429,20.238095238095237
7881,Virginia,2020-06-14,54506,1546,-15.0,-17.0,4.0,109.0,-23.0,5.0,7.0,19.0,-31.714285714285715,-19.428571428571427,11.571428571428571,71.85714285714286,-32.0,10.571428571428571,11.428571428571429,21.333333333333332
