,CountryOrState,Date,confirmed,deaths,work,retail,residential,parks,transit,dDeaths,dDeaths_1,dDeaths_5,aWork,aRetail,aResidential,aParks,aTransit,adDeaths,adDeaths_1,mob_idx
8245,Wisconsin,2020-04-01,1556,27,-45.0,-43.0,19.0,74.0,-30.0,2.0,5.0,4.0,-40.714285714285715,-44.57142857142857,15.857142857142858,19.714285714285715,-32.57142857142857,2.857142857142857,2.857142857142857,-2.9999999999999987
8246,Wisconsin,2020-04-02,1748,38,-45.0,-44.0,20.0,91.0,-31.0,11.0,2.0,3.0,-40.857142857142854,-46.285714285714285,16.571428571428573,24.142857142857142,-34.285714285714285,4.0,2.857142857142857,-1.8571428571428565
8247,Wisconsin,2020-04-03,2012,51,-45.0,-46.0,23.0,43.0,-34.0,13.0,11.0,1.0,-41.142857142857146,-47.857142857142854,17.285714285714285,29.714285714285715,-35.857142857142854,5.285714285714286,4.0,-0.2857142857142847
8248,Wisconsin,2020-04-04,2030,54,-30.0,-51.0,14.0,50.0,-35.0,3.0,13.0,2.0,-41.0,-49.285714285714285,17.857142857142858,22.714285714285715,-38.42857142857143,5.285714285714286,5.285714285714286,-2.9047619047619038
8249,Wisconsin,2020-04-05,2320,74,-33.0,-47.0,10.0,124.0,-40.0,20.0,3.0,5.0,-40.857142857142854,-50.0,18.285714285714285,17.285714285714285,-40.0,8.0,5.285714285714286,-4.80952380952381
8250,Wisconsin,2020-04-06,2449,78,-44.0,-45.0,19.0,49.0,-35.0,4.0,20.0,2.0,-41.0,-51.285714285714285,18.571428571428573,21.142857142857142,-40.42857142857143,8.285714285714286,8.0,-3.8571428571428554
8251,Wisconsin,2020-04-07,2578,92,-46.0,-42.0,19.0,111.0,-23.0,14.0,4.0,11.0,-41.142857142857146,-51.285714285714285,18.714285714285715,17.857142857142858,-40.285714285714285,9.571428571428571,8.285714285714286,-4.904761904761904
8252,Wisconsin,2020-04-08,2710,100,-46.0,-47.0,20.0,31.0,-37.0,8.0,14.0,13.0,-41.285714285714285,-50.0,18.571428571428573,22.285714285714285,-39.285714285714285,10.428571428571429,9.571428571428571,-3.0476190476190474
8253,Wisconsin,2020-04-09,2886,111,-47.0,-46.0,21.0,14.0,-37.0,11.0,8.0,3.0,-41.57142857142857,-49.0,18.428571428571427,33.142857142857146,-38.142857142857146,10.428571428571429,10.428571428571429,0.8571428571428577
8254,Wisconsin,2020-04-10,3068,128,-52.0,-46.0,25.0,36.0,-38.0,17.0,11.0,20.0,-42.57142857142857,-48.285714285714285,18.428571428571427,34.57142857142857,-37.42857142857143,11.0,10.428571428571429,1.5714285714285705
8255,Wisconsin,2020-04-11,3213,137,-33.0,-47.0,13.0,67.0,-34.0,9.0,17.0,4.0,-43.0,-47.285714285714285,18.142857142857142,45.42857142857143,-35.857142857142854,11.857142857142858,11.0,5.42857142857143
8256,Wisconsin,2020-04-12,3341,144,-43.0,-70.0,12.0,-1.0,-50.0,7.0,9.0,14.0,-44.42857142857143,-46.142857142857146,17.714285714285715,64.85714285714286,-34.42857142857143,10.0,11.857142857142858,12.142857142857144
8257,Wisconsin,2020-04-13,3428,154,-45.0,-47.0,20.0,-3.0,-42.0,10.0,7.0,8.0,-44.57142857142857,-46.142857142857146,17.857142857142858,64.42857142857143,-34.142857142857146,10.857142857142858,10.0,12.047619047619046
8258,Wisconsin,2020-04-14,3555,170,-45.0,-46.0,21.0,3.0,-36.0,16.0,10.0,11.0,-44.42857142857143,-45.42857142857143,17.714285714285715,77.42857142857143,-32.57142857142857,11.142857142857142,10.857142857142858,16.571428571428573
8259,Wisconsin,2020-04-15,3721,183,-44.0,-39.0,20.0,18.0,-33.0,13.0,16.0,17.0,-44.142857142857146,-46.0,17.857142857142858,71.28571428571429,-33.57142857142857,11.857142857142858,11.142857142857142,14.380952380952385
8260,Wisconsin,2020-04-16,3875,197,-44.0,-40.0,20.0,38.0,-33.0,14.0,13.0,9.0,-43.714285714285715,-46.285714285714285,18.0,60.285714285714285,-34.42857142857143,12.285714285714286,11.857142857142858,10.666666666666666
8261,Wisconsin,2020-04-17,4053,206,-44.0,-43.0,22.0,32.0,-34.0,9.0,14.0,7.0,-42.57142857142857,-46.285714285714285,18.285714285714285,59.285714285714285,-35.0,11.142857142857142,12.285714285714286,10.428571428571429
8262,Wisconsin,2020-04-18,4199,212,-27.0,-42.0,12.0,85.0,-27.0,6.0,9.0,10.0,-41.714285714285715,-45.714285714285715,18.142857142857142,61.714285714285715,-34.857142857142854,10.714285714285714,11.142857142857142,11.38095238095238
8263,Wisconsin,2020-04-19,4346,220,-30.0,-39.0,9.0,112.0,-36.0,8.0,6.0,16.0,-39.857142857142854,-49.0,18.428571428571427,43.857142857142854,-36.285714285714285,10.857142857142858,10.714285714285714,4.428571428571427
8264,Wisconsin,2020-04-20,4499,230,-43.0,-38.0,18.0,50.0,-33.0,10.0,8.0,13.0,-39.57142857142857,-49.285714285714285,18.571428571428573,36.42857142857143,-37.285714285714285,10.857142857142858,10.857142857142858,1.9047619047619062
8265,Wisconsin,2020-04-21,4625,244,-44.0,-39.0,19.0,52.0,-31.0,14.0,10.0,14.0,-39.42857142857143,-49.857142857142854,18.857142857142858,21.0,-39.142857142857146,10.571428571428571,10.857142857142858,-3.333333333333332
8266,Wisconsin,2020-04-22,4845,248,-44.0,-39.0,19.0,47.0,-32.0,4.0,14.0,9.0,-39.42857142857143,-48.714285714285715,18.857142857142858,19.142857142857142,-38.57142857142857,9.285714285714286,10.571428571428571,-3.5714285714285716
8267,Wisconsin,2020-04-23,5052,258,-44.0,-41.0,20.0,30.0,-34.0,10.0,4.0,6.0,-39.42857142857143,-47.857142857142854,18.714285714285715,22.571428571428573,-38.0,8.714285714285714,9.285714285714286,-2.1904761904761885
8268,Wisconsin,2020-04-24,5356,263,-43.0,-42.0,21.0,58.0,-31.0,5.0,10.0,8.0,-39.285714285714285,-47.42857142857143,18.285714285714285,22.0,-37.42857142857143,8.142857142857142,8.714285714285714,-2.380952380952382
8269,Wisconsin,2020-04-25,5687,266,-27.0,-43.0,11.0,78.0,-29.0,3.0,5.0,10.0,-39.285714285714285,-46.714285714285715,18.142857142857142,24.571428571428573,-36.42857142857143,7.714285714285714,8.142857142857142,-1.3333333333333333
8270,Wisconsin,2020-04-26,5912,272,-29.0,-33.0,7.0,183.0,-29.0,6.0,3.0,14.0,-39.142857142857146,-42.285714285714285,17.714285714285715,40.714285714285715,-34.42857142857143,7.428571428571429,7.714285714285714,5.380952380952382
8271,Wisconsin,2020-04-27,6081,281,-42.0,-36.0,18.0,40.0,-34.0,9.0,6.0,4.0,-39.0,-41.0,17.428571428571427,48.285714285714285,-33.142857142857146,7.285714285714286,7.428571428571429,8.238095238095237
8272,Wisconsin,2020-04-28,6289,300,-43.0,-37.0,13.0,31.0,-31.0,19.0,9.0,10.0,-38.857142857142854,-40.0,17.142857142857142,55.285714285714285,-32.42857142857143,8.0,7.285714285714286,10.80952380952381
8273,Wisconsin,2020-04-29,6520,308,-44.0,-39.0,20.0,1.0,-34.0,8.0,19.0,5.0,-38.857142857142854,-40.0,17.0,59.42857142857143,-32.285714285714285,8.571428571428571,8.0,12.142857142857144
8274,Wisconsin,2020-04-30,6854,316,-42.0,-32.0,18.0,94.0,-25.0,8.0,8.0,3.0,-38.57142857142857,-40.142857142857146,17.0,58.285714285714285,-32.42857142857143,8.285714285714286,8.571428571428571,11.714285714285714
8275,Wisconsin,2020-05-01,7314,327,-42.0,-34.0,18.0,106.0,-20.0,11.0,8.0,6.0,-38.42857142857143,-40.0,16.857142857142858,62.0,-32.0,9.142857142857142,8.285714285714286,12.952380952380954
8276,Wisconsin,2020-05-02,7660,334,-25.0,-34.0,8.0,193.0,-12.0,7.0,11.0,9.0,-38.142857142857146,-40.142857142857146,16.714285714285715,61.0,-32.285714285714285,9.714285714285714,9.142857142857142,12.523809523809524
8277,Wisconsin,2020-05-03,7964,339,-25.0,-27.0,5.0,208.0,-22.0,5.0,7.0,19.0,-37.57142857142857,-39.285714285714285,16.428571428571427,71.14285714285714,-31.285714285714285,9.571428571428571,9.714285714285714,16.09523809523809
8278,Wisconsin,2020-05-04,8236,340,-40.0,-29.0,15.0,67.0,-27.0,1.0,5.0,8.0,-37.285714285714285,-39.0,16.428571428571427,69.71428571428571,-31.428571428571427,8.428571428571429,9.571428571428571,15.714285714285714
8279,Wisconsin,2020-05-05,8566,353,-41.0,-30.0,17.0,58.0,-25.0,13.0,1.0,8.0,-37.0,-38.714285714285715,15.571428571428571,66.71428571428571,-31.428571428571427,7.571428571428571,8.428571428571429,14.52380952380952
8280,Wisconsin,2020-05-06,8901,362,-41.0,-29.0,16.0,131.0,-21.0,9.0,13.0,11.0,-36.57142857142857,-38.714285714285715,15.714285714285714,60.142857142857146,-31.714285714285715,7.714285714285714,7.571428571428571,12.380952380952381
8281,Wisconsin,2020-05-07,9215,374,-41.0,-30.0,17.0,113.0,-23.0,12.0,9.0,7.0,-36.42857142857143,-37.42857142857143,15.428571428571429,69.28571428571429,-30.428571428571427,8.285714285714286,7.714285714285714,15.761904761904765
8282,Wisconsin,2020-05-08,9590,384,-40.0,-35.0,19.0,53.0,-24.0,10.0,12.0,5.0,-36.142857142857146,-36.285714285714285,15.0,76.14285714285714,-28.857142857142858,8.142857142857142,8.285714285714286,18.285714285714285
8283,Wisconsin,2020-05-09,9939,398,-22.0,-32.0,8.0,114.0,-14.0,14.0,10.0,1.0,-35.714285714285715,-35.0,14.571428571428571,92.57142857142857,-26.428571428571427,9.142857142857142,8.142857142857142,24.047619047619047
8284,Wisconsin,2020-05-10,10219,400,-25.0,-35.0,7.0,9.0,-34.0,2.0,14.0,13.0,-35.714285714285715,-34.142857142857146,14.285714285714286,96.14285714285714,-25.428571428571427,8.714285714285714,9.142857142857142,25.428571428571427
8285,Wisconsin,2020-05-11,10418,409,-39.0,-31.0,15.0,73.0,-26.0,9.0,2.0,9.0,-35.57142857142857,-33.142857142857146,13.857142857142858,100.0,-24.428571428571427,9.857142857142858,8.714285714285714,26.9047619047619
8286,Wisconsin,2020-05-12,10611,418,-39.0,-29.0,15.0,132.0,-18.0,9.0,9.0,12.0,-35.285714285714285,-32.142857142857146,14.428571428571429,103.85714285714286,-23.571428571428573,9.285714285714286,9.857142857142858,28.71428571428571
8287,Wisconsin,2020-05-13,10902,421,-39.0,-27.0,16.0,103.0,-20.0,3.0,9.0,10.0,-35.0,-30.714285714285715,13.857142857142858,122.42857142857143,-21.714285714285715,8.428571428571429,9.285714285714286,35.19047619047619
8288,Wisconsin,2020-05-14,11275,434,-39.0,-28.0,17.0,74.0,-24.0,13.0,3.0,14.0,-34.714285714285715,-30.428571428571427,13.714285714285714,125.14285714285714,-21.428571428571427,8.571428571428571,8.428571428571429,36.14285714285714
8289,Wisconsin,2020-05-15,11685,445,-39.0,-26.0,15.0,177.0,-16.0,11.0,13.0,2.0,-34.57142857142857,-30.571428571428573,13.857142857142858,117.57142857142857,-22.0,8.714285714285714,8.571428571428571,33.61904761904762
8290,Wisconsin,2020-05-16,12187,453,-18.0,-27.0,7.0,164.0,-13.0,8.0,11.0,9.0,-34.0,-30.285714285714285,13.857142857142858,106.28571428571429,-22.285714285714285,7.857142857142857,8.714285714285714,29.952380952380953
8291,Wisconsin,2020-05-17,12543,453,-23.0,-36.0,9.0,-10.0,-39.0,0.0,8.0,9.0,-33.714285714285715,-31.428571428571427,14.142857142857142,77.85714285714286,-24.0,7.571428571428571,7.857142857142857,20.190476190476193
8292,Wisconsin,2020-05-18,12687,459,-37.0,-24.0,15.0,27.0,-29.0,6.0,0.0,3.0,-33.42857142857143,-31.714285714285715,14.142857142857142,78.71428571428571,-23.857142857142858,7.142857142857143,7.571428571428571,20.38095238095238
8293,Wisconsin,2020-05-19,12885,467,-37.0,-23.0,15.0,78.0,-23.0,8.0,6.0,13.0,-33.142857142857146,-31.571428571428573,13.857142857142858,89.28571428571429,-22.857142857142858,7.0,7.142857142857143,23.85714285714286
8294,Wisconsin,2020-05-20,13413,481,-37.0,-14.0,13.0,187.0,-11.0,14.0,8.0,11.0,-32.857142857142854,-31.285714285714285,13.857142857142858,85.28571428571429,-22.714285714285715,8.571428571428571,7.0,22.61904761904762
8295,Wisconsin,2020-05-21,13885,487,-37.0,-14.0,13.0,177.0,-11.0,6.0,14.0,8.0,-32.57142857142857,-31.0,13.857142857142858,79.71428571428571,-22.857142857142858,7.571428571428571,8.571428571428571,20.857142857142858
8296,Wisconsin,2020-05-22,14396,496,-39.0,-19.0,13.0,181.0,-10.0,9.0,6.0,0.0,-32.57142857142857,-29.714285714285715,13.285714285714286,97.42857142857143,-21.714285714285715,7.285714285714286,7.571428571428571,27.0
8297,Wisconsin,2020-05-23,14877,507,-17.0,-22.0,6.0,172.0,-12.0,11.0,9.0,6.0,-32.42857142857143,-29.0,13.142857142857142,104.57142857142857,-21.571428571428573,7.714285714285714,7.285714285714286,29.57142857142857
8298,Wisconsin,2020-05-24,15277,510,-19.0,-6.0,1.0,353.0,-9.0,3.0,11.0,8.0,-31.857142857142858,-29.142857142857142,13.428571428571429,101.85714285714286,-22.285714285714285,8.142857142857142,7.714285714285714,28.71428571428572
8299,Wisconsin,2020-05-25,15584,514,-76.0,-15.0,19.0,270.0,-26.0,4.0,3.0,14.0,-37.42857142857143,-28.142857142857142,13.428571428571429,95.28571428571429,-22.714285714285715,7.857142857142857,8.142857142857142,26.85714285714286
8300,Wisconsin,2020-05-26,15863,517,-35.0,-13.0,12.0,149.0,-13.0,3.0,4.0,6.0,-37.142857142857146,-27.285714285714285,13.428571428571429,87.57142857142857,-23.428571428571427,7.142857142857143,7.857142857142857,24.57142857142857
8301,Wisconsin,2020-05-27,16462,539,-34.0,-10.0,12.0,159.0,-11.0,22.0,3.0,9.0,-36.714285714285715,-25.428571428571427,13.0,99.57142857142857,-22.142857142857142,8.285714285714286,7.142857142857143,29.047619047619047
8302,Wisconsin,2020-05-28,16974,550,-34.0,-16.0,14.0,69.0,-19.0,11.0,22.0,11.0,-36.285714285714285,-23.428571428571427,12.428571428571429,114.28571428571429,-20.285714285714285,9.0,8.285714285714286,34.42857142857143
8303,Wisconsin,2020-05-29,17707,568,-32.0,-16.0,13.0,158.0,-7.0,18.0,11.0,3.0,-35.285714285714285,-22.428571428571427,12.142857142857142,114.85714285714286,-19.428571428571427,10.285714285714286,9.0,34.85714285714286
8304,Wisconsin,2020-05-30,18230,588,-3.0,-15.0,4.0,214.0,6.0,20.0,18.0,4.0,-33.285714285714285,-21.714285714285715,12.0,116.0,-19.285714285714285,11.571428571428571,10.285714285714286,35.42857142857142
8305,Wisconsin,2020-05-31,18403,592,-6.0,-5.0,1.0,268.0,-4.0,4.0,20.0,3.0,-31.428571428571427,-17.428571428571427,10.857142857142858,167.85714285714286,-15.0,11.714285714285714,11.571428571428571,53.76190476190476
8306,Wisconsin,2020-06-01,18543,595,-31.0,-9.0,11.0,116.0,-12.0,3.0,4.0,22.0,-25.0,-16.142857142857142,11.428571428571429,202.57142857142858,-14.571428571428571,11.571428571428571,11.714285714285714,65.95238095238095
8307,Wisconsin,2020-06-02,18917,607,-33.0,-10.0,11.0,180.0,-11.0,12.0,3.0,11.0,-24.714285714285715,-14.714285714285714,11.0,212.71428571428572,-13.142857142857142,12.857142857142858,11.571428571428571,69.66666666666667
8308,Wisconsin,2020-06-03,19400,616,-32.0,-5.0,10.0,185.0,-7.0,9.0,12.0,18.0,-24.428571428571427,-14.142857142857142,10.857142857142858,208.71428571428572,-13.142857142857142,11.0,12.857142857142858,68.47619047619048
8309,Wisconsin,2020-06-04,19892,626,-31.0,-6.0,10.0,198.0,-6.0,10.0,9.0,20.0,-24.0,-14.428571428571429,11.0,193.28571428571428,-14.285714285714286,10.857142857142858,11.0,63.285714285714285
8310,Wisconsin,2020-06-05,20249,633,-31.0,-11.0,11.0,189.0,-6.0,7.0,10.0,4.0,-23.857142857142858,-14.0,11.0,190.0,-13.857142857142858,9.285714285714286,10.857142857142858,62.333333333333336
8311,Wisconsin,2020-06-06,20571,645,-3.0,-11.0,2.0,278.0,9.0,12.0,7.0,3.0,-23.857142857142858,-13.0,10.714285714285714,196.0,-11.285714285714286,8.142857142857142,9.285714285714286,64.57142857142857
8312,Wisconsin,2020-06-07,20835,647,-7.0,0.0,0.0,281.0,0.0,2.0,12.0,12.0,-24.0,-12.857142857142858,10.714285714285714,183.85714285714286,-10.571428571428571,7.857142857142857,8.142857142857142,60.57142857142858
8313,Wisconsin,2020-06-08,21038,646,-30.0,-4.0,9.0,208.0,-9.0,-1.0,2.0,9.0,-23.857142857142858,-12.0,9.571428571428571,161.85714285714286,-8.571428571428571,7.285714285714286,7.857142857142857,53.142857142857146
8314,Wisconsin,2020-06-09,21308,661,-32.0,-12.0,12.0,104.0,-14.0,15.0,-1.0,10.0,-23.714285714285715,-11.571428571428571,9.428571428571429,166.28571428571428,-8.285714285714286,7.714285714285714,7.285714285714286,54.714285714285715
8315,Wisconsin,2020-06-10,21593,671,-31.0,-8.0,12.0,94.0,-13.0,10.0,15.0,7.0,-23.571428571428573,-10.857142857142858,9.142857142857142,170.0,-7.714285714285714,7.857142857142857,7.714285714285714,56.095238095238095
8316,Wisconsin,2020-06-11,21926,682,-31.0,-3.0,9.0,212.0,-5.0,11.0,10.0,12.0,-23.571428571428573,-9.428571428571429,8.571428571428571,188.42857142857142,-5.857142857142857,8.0,7.857142857142857,62.52380952380952
8317,Wisconsin,2020-06-12,22246,689,-31.0,-8.0,9.0,216.0,-1.0,7.0,11.0,2.0,-23.571428571428573,-8.714285714285714,8.285714285714286,192.85714285714286,-5.714285714285714,8.0,8.0,64.14285714285715
8318,Wisconsin,2020-06-13,22518,691,-2.0,-8.0,1.0,271.0,10.0,2.0,7.0,-1.0,-23.428571428571427,-8.142857142857142,8.0,202.0,-5.285714285714286,6.571428571428571,8.0,67.28571428571429
8319,Wisconsin,2020-06-14,22758,692,-4.0,2.0,-1.0,312.0,4.0,1.0,2.0,15.0,-23.0,-7.428571428571429,7.857142857142857,203.85714285714286,-4.714285714285714,6.428571428571429,6.571428571428571,68.09523809523809
