,CountryOrState,Date,confirmed,deaths,work,retail,residential,parks,transit,dDeaths,dDeaths_1,dDeaths_5,aWork,aRetail,aResidential,aParks,aTransit,adDeaths,adDeaths_1,mob_idx
2549,Illinois,2020-03-30,5056,73,-50.0,-43.0,20.0,-5.0,-54.0,7.0,19.0,3.0,-46.285714285714285,-40.42857142857143,15.714285714285714,-19.857142857142858,-43.0,8.714285714285714,8.142857142857142,-14.857142857142856
2550,Illinois,2020-03-31,5994,99,-52.0,-44.0,22.0,-30.0,-54.0,26.0,7.0,7.0,-46.57142857142857,-43.857142857142854,17.142857142857142,-27.714285714285715,-46.285714285714285,11.857142857142858,8.714285714285714,-18.142857142857142
2551,Illinois,2020-04-01,6980,141,-52.0,-41.0,21.0,4.0,-50.0,42.0,26.0,8.0,-46.857142857142854,-45.142857142857146,17.857142857142858,-18.714285714285715,-47.857142857142854,17.428571428571427,11.857142857142858,-15.333333333333334
2552,Illinois,2020-04-02,7695,163,-52.0,-42.0,22.0,15.0,-52.0,22.0,42.0,13.0,-47.142857142857146,-47.0,18.571428571428573,-18.285714285714285,-49.57142857142857,19.571428571428573,17.428571428571427,-15.57142857142857
2553,Illinois,2020-04-03,8904,210,-51.0,-43.0,22.0,13.0,-49.0,47.0,22.0,19.0,-47.285714285714285,-49.142857142857146,19.428571428571427,-18.142857142857142,-51.285714285714285,25.142857142857142,19.571428571428573,-15.952380952380954
2554,Illinois,2020-04-04,10357,244,-36.0,-51.0,15.0,-23.0,-49.0,34.0,47.0,7.0,-47.42857142857143,-50.142857142857146,19.714285714285715,-20.0,-52.857142857142854,28.142857142857142,25.142857142857142,-16.80952380952381
2555,Illinois,2020-04-05,11259,274,-39.0,-50.0,12.0,24.0,-52.0,30.0,34.0,26.0,-47.42857142857143,-48.714285714285715,19.571428571428573,-18.571428571428573,-53.0,29.714285714285715,28.142857142857142,-15.904761904761905
2556,Illinois,2020-04-06,12262,307,-52.0,-44.0,20.0,-4.0,-54.0,33.0,30.0,42.0,-47.714285714285715,-47.714285714285715,19.428571428571427,-15.142857142857142,-52.857142857142854,33.42857142857143,29.714285714285715,-14.476190476190476
2557,Illinois,2020-04-07,13553,380,-53.0,-41.0,21.0,35.0,-50.0,73.0,33.0,22.0,-47.857142857142854,-47.285714285714285,19.428571428571427,-17.857142857142858,-53.0,40.142857142857146,33.42857142857143,-15.238095238095239
2558,Illinois,2020-04-08,15078,462,-53.0,-44.0,22.0,-5.0,-53.0,82.0,73.0,47.0,-48.0,-47.0,19.428571428571427,-21.428571428571427,-53.0,45.857142857142854,40.142857142857146,-16.333333333333332
2559,Illinois,2020-04-09,16422,528,-53.0,-44.0,23.0,-26.0,-55.0,66.0,82.0,34.0,-48.142857142857146,-46.285714285714285,19.428571428571427,-15.285714285714286,-52.57142857142857,52.142857142857146,45.857142857142854,-14.04761904761905
2560,Illinois,2020-04-10,17887,597,-58.0,-44.0,24.0,-5.0,-53.0,69.0,66.0,30.0,-49.142857142857146,-45.57142857142857,19.285714285714285,-9.571428571428571,-52.0,55.285714285714285,52.142857142857146,-11.95238095238095
2561,Illinois,2020-04-11,19180,677,-38.0,-46.0,14.0,10.0,-46.0,80.0,69.0,33.0,-49.42857142857143,-45.285714285714285,19.285714285714285,-7.857142857142857,-51.857142857142854,61.857142857142854,55.285714285714285,-11.285714285714285
2562,Illinois,2020-04-12,20852,720,-45.0,-64.0,13.0,5.0,-55.0,43.0,80.0,73.0,-50.285714285714285,-44.857142857142854,19.142857142857142,-0.2857142857142857,-51.42857142857143,63.714285714285715,61.857142857142854,-8.666666666666666
2563,Illinois,2020-04-13,22025,798,-52.0,-46.0,21.0,-31.0,-56.0,78.0,43.0,82.0,-50.285714285714285,-45.0,19.142857142857142,-0.14285714285714285,-51.42857142857143,70.14285714285714,63.714285714285715,-8.666666666666666
2564,Illinois,2020-04-14,23248,868,-52.0,-45.0,22.0,-28.0,-54.0,70.0,78.0,66.0,-50.142857142857146,-44.57142857142857,19.0,9.142857142857142,-50.857142857142854,69.71428571428571,70.14285714285714,-5.476190476190475
2565,Illinois,2020-04-15,24593,949,-52.0,-41.0,22.0,-33.0,-53.0,81.0,70.0,69.0,-50.0,-45.0,19.142857142857142,7.857142857142857,-51.285714285714285,69.57142857142857,69.71428571428571,-6.0
2566,Illinois,2020-04-16,25734,1072,-51.0,-40.0,22.0,-16.0,-52.0,123.0,81.0,80.0,-49.714285714285715,-45.285714285714285,19.285714285714285,2.0,-51.714285714285715,77.71428571428571,69.57142857142857,-8.0
2567,Illinois,2020-04-17,27578,1132,-51.0,-47.0,24.0,-41.0,-55.0,60.0,123.0,43.0,-48.714285714285715,-45.42857142857143,19.571428571428573,-0.5714285714285714,-52.285714285714285,76.42857142857143,77.71428571428571,-8.80952380952381
2568,Illinois,2020-04-18,29160,1259,-32.0,-42.0,13.0,21.0,-40.0,127.0,60.0,78.0,-47.857142857142854,-44.714285714285715,19.428571428571427,4.142857142857143,-51.857142857142854,83.14285714285714,76.42857142857143,-7.047619047619048
2569,Illinois,2020-04-19,30357,1290,-36.0,-43.0,11.0,53.0,-48.0,31.0,127.0,70.0,-46.57142857142857,-46.714285714285715,19.571428571428573,1.4285714285714286,-52.285714285714285,81.42857142857143,83.14285714285714,-8.571428571428571
2570,Illinois,2020-04-20,31513,1349,-50.0,-37.0,19.0,13.0,-51.0,59.0,31.0,81.0,-46.285714285714285,-47.0,19.714285714285715,-2.4285714285714284,-52.57142857142857,78.71428571428571,81.42857142857143,-9.904761904761903
2571,Illinois,2020-04-21,33059,1468,-51.0,-38.0,20.0,0.0,-51.0,119.0,59.0,123.0,-46.142857142857146,-47.57142857142857,19.857142857142858,-11.428571428571429,-53.142857142857146,85.71428571428571,78.71428571428571,-13.047619047619046
2572,Illinois,2020-04-22,35107,1565,-51.0,-40.0,21.0,-10.0,-51.0,97.0,119.0,60.0,-46.0,-47.142857142857146,19.857142857142858,-15.428571428571429,-53.142857142857146,88.0,85.71428571428571,-14.238095238095239
2573,Illinois,2020-04-23,36937,1688,-50.0,-41.0,22.0,-12.0,-52.0,123.0,97.0,127.0,-45.857142857142854,-46.57142857142857,19.714285714285715,-14.0,-52.714285714285715,88.0,88.0,-13.619047619047619
2574,Illinois,2020-04-24,39658,1795,-50.0,-42.0,22.0,-12.0,-50.0,107.0,123.0,31.0,-45.714285714285715,-47.0,19.714285714285715,-19.142857142857142,-53.0,94.71428571428571,88.0,-15.476190476190476
2575,Illinois,2020-04-25,41777,1875,-34.0,-48.0,15.0,-43.0,-48.0,80.0,107.0,59.0,-46.0,-46.42857142857143,19.571428571428573,-17.571428571428573,-52.142857142857146,88.0,94.71428571428571,-14.80952380952381
2576,Illinois,2020-04-26,43903,1933,-35.0,-39.0,10.0,70.0,-43.0,58.0,80.0,119.0,-45.857142857142854,-43.42857142857143,19.285714285714285,-10.714285714285714,-51.142857142857146,91.85714285714286,88.0,-11.61904761904762
2577,Illinois,2020-04-27,45883,1983,-49.0,-37.0,20.0,-5.0,-51.0,50.0,58.0,97.0,-45.714285714285715,-42.142857142857146,19.0,-4.428571428571429,-50.42857142857143,90.57142857142857,91.85714285714286,-9.190476190476192
2578,Illinois,2020-04-28,48102,2125,-50.0,-36.0,14.0,10.0,-49.0,142.0,50.0,123.0,-45.57142857142857,-41.142857142857146,18.714285714285715,-0.42857142857142855,-50.0,93.85714285714286,90.57142857142857,-7.6190476190476195
2579,Illinois,2020-04-29,50358,2215,-51.0,-41.0,22.0,-48.0,-54.0,90.0,142.0,107.0,-45.57142857142857,-41.0,18.571428571428573,2.857142857142857,-49.714285714285715,92.85714285714286,93.85714285714286,-6.523809523809523
2580,Illinois,2020-04-30,52918,2355,-50.0,-35.0,21.0,-4.0,-49.0,140.0,90.0,80.0,-45.57142857142857,-41.142857142857146,18.571428571428573,3.4285714285714284,-49.714285714285715,95.28571428571429,92.85714285714286,-6.380952380952382
2581,Illinois,2020-05-01,56055,2457,-48.0,-34.0,19.0,33.0,-42.0,102.0,140.0,58.0,-45.285714285714285,-40.42857142857143,18.285714285714285,7.571428571428571,-49.0,94.57142857142857,95.28571428571429,-4.8571428571428585
2582,Illinois,2020-05-02,58505,2559,-28.0,-35.0,9.0,85.0,-28.0,102.0,102.0,50.0,-44.42857142857143,-41.285714285714285,18.571428571428573,-1.5714285714285714,-50.142857142857146,97.71428571428571,94.57142857142857,-8.095238095238095
2583,Illinois,2020-05-03,61499,2618,-31.0,-35.0,9.0,85.0,-39.0,59.0,102.0,142.0,-43.857142857142854,-40.714285714285715,18.428571428571427,0.8571428571428571,-49.42857142857143,97.85714285714286,97.71428571428571,-7.142857142857143
2584,Illinois,2020-05-04,63777,2659,-48.0,-33.0,18.0,-6.0,-49.0,41.0,59.0,90.0,-43.714285714285715,-40.714285714285715,18.571428571428573,-1.7142857142857142,-49.42857142857143,96.57142857142857,97.85714285714286,-7.9523809523809526
2585,Illinois,2020-05-05,65889,2834,-49.0,-34.0,20.0,-28.0,-51.0,175.0,41.0,140.0,-43.57142857142857,-40.42857142857143,17.714285714285715,-0.2857142857142857,-49.142857142857146,101.28571428571429,96.57142857142857,-7.666666666666667
2586,Illinois,2020-05-06,68232,2974,-48.0,-32.0,19.0,30.0,-44.0,140.0,175.0,102.0,-43.142857142857146,-40.57142857142857,17.857142857142858,-5.714285714285714,-49.57142857142857,108.42857142857143,101.28571428571429,-9.476190476190476
2587,Illinois,2020-05-07,70871,3111,-48.0,-32.0,19.0,35.0,-45.0,137.0,140.0,102.0,-42.857142857142854,-39.714285714285715,17.714285714285715,-4.571428571428571,-49.142857142857146,108.0,108.42857142857143,-8.857142857142856
2588,Illinois,2020-05-08,73760,3241,-47.0,-36.0,20.0,-2.0,-45.0,130.0,137.0,59.0,-42.714285714285715,-38.57142857142857,17.285714285714285,1.8571428571428572,-48.0,112.0,108.0,-6.476190476190475
2589,Illinois,2020-05-09,76085,3349,-26.0,-32.0,9.0,54.0,-30.0,108.0,130.0,41.0,-42.42857142857143,-36.714285714285715,16.428571428571427,20.142857142857142,-45.142857142857146,112.85714285714286,112.0,-0.047619047619048636
2590,Illinois,2020-05-10,77741,3406,-31.0,-38.0,9.0,-26.0,-44.0,57.0,108.0,175.0,-42.42857142857143,-36.142857142857146,16.285714285714285,22.285714285714285,-44.57142857142857,112.57142857142857,112.85714285714286,0.8095238095238079
2591,Illinois,2020-05-11,79007,3459,-47.0,-36.0,18.0,-1.0,-48.0,53.0,57.0,140.0,-42.285714285714285,-35.57142857142857,16.0,22.142857142857142,-44.285714285714285,114.28571428571429,112.57142857142857,0.8571428571428577
2592,Illinois,2020-05-12,83021,3601,-47.0,-32.0,18.0,35.0,-45.0,142.0,53.0,137.0,-42.0,-35.285714285714285,16.857142857142858,16.714285714285715,-44.57142857142857,109.57142857142857,114.28571428571429,-0.5714285714285706
2593,Illinois,2020-05-13,84694,3792,-47.0,-31.0,18.0,30.0,-43.0,191.0,142.0,130.0,-41.857142857142854,-34.0,16.428571428571427,27.857142857142858,-43.142857142857146,116.85714285714286,109.57142857142857,3.4285714285714284
2594,Illinois,2020-05-14,87937,3928,-48.0,-37.0,20.0,-6.0,-50.0,136.0,191.0,108.0,-41.857142857142854,-33.57142857142857,16.142857142857142,33.42857142857143,-42.57142857142857,116.71428571428571,116.85714285714286,5.333333333333335
2595,Illinois,2020-05-15,90369,4059,-46.0,-34.0,18.0,38.0,-42.0,131.0,136.0,57.0,-41.714285714285715,-33.857142857142854,16.285714285714285,28.428571428571427,-43.0,116.85714285714286,116.71428571428571,3.619047619047619
2596,Illinois,2020-05-16,92457,4129,-25.0,-35.0,9.0,59.0,-32.0,70.0,131.0,53.0,-41.57142857142857,-33.42857142857143,16.285714285714285,24.0,-43.285714285714285,111.42857142857143,116.85714285714286,2.2857142857142847
2597,Illinois,2020-05-17,94191,4177,-31.0,-46.0,11.0,-34.0,-50.0,48.0,70.0,142.0,-41.57142857142857,-33.857142857142854,16.285714285714285,8.142857142857142,-44.0,110.14285714285714,111.42857142857143,-3.1428571428571423
2598,Illinois,2020-05-18,96485,4234,-46.0,-31.0,17.0,2.0,-48.0,57.0,48.0,191.0,-41.42857142857143,-34.285714285714285,16.285714285714285,8.857142857142858,-43.857142857142854,110.71428571428571,110.14285714285714,-3.0476190476190474
2599,Illinois,2020-05-19,98030,4379,-46.0,-33.0,19.0,-14.0,-49.0,145.0,57.0,136.0,-41.285714285714285,-34.0,16.0,17.857142857142858,-43.0,111.14285714285714,110.71428571428571,-0.04761904761904745
2600,Illinois,2020-05-20,100418,4525,-45.0,-28.0,17.0,36.0,-41.0,146.0,145.0,131.0,-41.0,-33.857142857142854,15.857142857142858,17.857142857142858,-42.857142857142854,104.71428571428571,111.14285714285714,-0.04761904761904626
2601,Illinois,2020-05-21,102688,4607,-45.0,-29.0,17.0,36.0,-42.0,82.0,146.0,70.0,-40.57142857142857,-34.57142857142857,16.0,12.0,-43.57142857142857,97.0,104.71428571428571,-2.19047619047619
2602,Illinois,2020-05-22,105444,4715,-45.0,-30.0,16.0,53.0,-38.0,108.0,82.0,48.0,-40.42857142857143,-34.285714285714285,15.714285714285714,17.714285714285715,-43.142857142857146,93.71428571428571,97.0,-0.2857142857142847
2603,Illinois,2020-05-23,107796,4790,-23.0,-34.0,8.0,58.0,-31.0,75.0,108.0,57.0,-40.142857142857146,-34.714285714285715,15.714285714285714,18.428571428571427,-43.42857142857143,94.42857142857143,93.71428571428571,-0.190476190476191
2604,Illinois,2020-05-24,110304,4856,-26.0,-30.0,5.0,118.0,-33.0,66.0,75.0,145.0,-39.42857142857143,-35.857142857142854,16.0,17.285714285714285,-44.285714285714285,97.0,94.42857142857143,-0.8571428571428564
2605,Illinois,2020-05-25,112017,4885,-76.0,-33.0,23.0,67.0,-53.0,29.0,66.0,146.0,-43.714285714285715,-35.142857142857146,15.857142857142858,17.714285714285715,-44.285714285714285,93.0,97.0,-0.5238095238095243
2606,Illinois,2020-05-26,113195,4923,-44.0,-27.0,16.0,37.0,-43.0,38.0,29.0,82.0,-43.42857142857143,-35.285714285714285,16.0,10.714285714285714,-44.857142857142854,77.71428571428571,93.0,-2.857142857142857
2607,Illinois,2020-05-27,114306,5083,-43.0,-27.0,17.0,31.0,-41.0,160.0,38.0,108.0,-43.142857142857146,-34.857142857142854,15.857142857142858,11.571428571428571,-44.57142857142857,79.71428571428571,77.71428571428571,-2.476190476190475
2608,Illinois,2020-05-28,115833,5186,-42.0,-28.0,17.0,22.0,-42.0,103.0,160.0,75.0,-42.714285714285715,-33.714285714285715,15.428571428571429,17.571428571428573,-43.42857142857143,82.71428571428571,79.71428571428571,-0.23809523809523725
2609,Illinois,2020-05-29,117455,5270,-41.0,-25.0,15.0,62.0,-36.0,84.0,103.0,66.0,-42.142857142857146,-33.142857142857146,15.142857142857142,19.714285714285715,-42.857142857142854,79.28571428571429,82.71428571428571,0.5714285714285706
2610,Illinois,2020-05-30,118917,5330,-11.0,-26.0,5.0,105.0,-21.0,60.0,84.0,29.0,-40.42857142857143,-33.0,15.0,19.571428571428573,-42.714285714285715,77.14285714285714,79.28571428571429,0.5238095238095243
2611,Illinois,2020-05-31,120260,5390,-17.0,-30.0,5.0,115.0,-29.0,60.0,60.0,38.0,-39.142857142857146,-30.714285714285715,14.142857142857142,41.285714285714285,-40.285714285714285,76.28571428571429,77.14285714285714,8.238095238095237
2612,Illinois,2020-06-01,121234,5412,-44.0,-27.0,15.0,24.0,-45.0,22.0,60.0,160.0,-34.57142857142857,-31.0,15.0,50.57142857142857,-41.0,75.28571428571429,76.28571428571429,11.523809523809524
2613,Illinois,2020-06-02,122848,5525,-42.0,-24.0,15.0,45.0,-43.0,113.0,22.0,103.0,-34.285714285714285,-30.142857142857142,14.571428571428571,57.857142857142854,-40.142857142857146,86.0,75.28571428571429,14.095238095238095
2614,Illinois,2020-06-03,123830,5621,-41.0,-21.0,15.0,35.0,-40.0,96.0,113.0,84.0,-34.0,-30.0,14.571428571428571,57.142857142857146,-40.142857142857146,76.85714285714286,86.0,13.904761904761905
2615,Illinois,2020-06-04,124759,5736,-40.0,-20.0,14.0,53.0,-39.0,115.0,96.0,60.0,-33.714285714285715,-29.857142857142858,14.571428571428571,55.142857142857146,-40.142857142857146,78.57142857142857,76.85714285714286,13.285714285714286
2616,Illinois,2020-06-05,125915,5795,-39.0,-22.0,13.0,59.0,-35.0,59.0,115.0,60.0,-33.42857142857143,-29.142857142857142,14.428571428571429,56.42857142857143,-39.857142857142854,75.0,78.57142857142857,13.904761904761905
2617,Illinois,2020-06-06,126890,5864,-11.0,-23.0,4.0,112.0,-19.0,69.0,59.0,22.0,-33.42857142857143,-28.0,14.0,63.142857142857146,-38.42857142857143,76.28571428571429,75.0,16.380952380952383
2618,Illinois,2020-06-07,127757,5904,-15.0,-21.0,3.0,138.0,-27.0,40.0,69.0,113.0,-33.142857142857146,-28.0,14.0,62.714285714285715,-37.857142857142854,73.42857142857143,76.28571428571429,16.238095238095237
2619,Illinois,2020-06-08,128415,5924,-39.0,-17.0,12.0,67.0,-37.0,20.0,40.0,96.0,-32.42857142857143,-27.142857142857142,12.857142857142858,56.57142857142857,-36.714285714285715,73.14285714285714,73.42857142857143,14.095238095238095
2620,Illinois,2020-06-09,129212,6018,-40.0,-22.0,15.0,11.0,-40.0,94.0,20.0,115.0,-32.142857142857146,-26.714285714285715,12.714285714285714,57.714285714285715,-36.714285714285715,70.42857142857143,73.14285714285714,14.571428571428571
2621,Illinois,2020-06-10,129837,6095,-39.0,-18.0,14.0,32.0,-37.0,77.0,94.0,59.0,-31.857142857142858,-25.857142857142858,12.428571428571429,58.285714285714285,-36.57142857142857,67.71428571428571,70.42857142857143,14.95238095238095
2622,Illinois,2020-06-11,130603,6185,-38.0,-15.0,12.0,93.0,-33.0,90.0,77.0,69.0,-31.571428571428573,-24.714285714285715,12.0,62.714285714285715,-36.142857142857146,64.14285714285714,67.71428571428571,16.666666666666668
2623,Illinois,2020-06-12,131198,6260,-38.0,-19.0,11.0,81.0,-29.0,75.0,90.0,40.0,-31.428571428571427,-24.285714285714285,11.714285714285714,62.285714285714285,-36.0,66.42857142857143,64.14285714285714,16.571428571428573
2624,Illinois,2020-06-13,131871,6289,-8.0,-20.0,3.0,127.0,-15.0,29.0,75.0,20.0,-31.0,-23.857142857142858,11.571428571428571,63.285714285714285,-35.714285714285715,60.714285714285715,66.42857142857143,17.0
2625,Illinois,2020-06-14,132543,6308,-12.0,-18.0,2.0,159.0,-20.0,19.0,29.0,94.0,-30.571428571428573,-22.571428571428573,11.285714285714286,66.57142857142857,-35.42857142857143,57.714285714285715,60.714285714285715,18.428571428571427
