,CountryOrState,Date,confirmed,deaths,work,retail,residential,parks,transit,dDeaths,dDeaths_1,dDeaths_5,aWork,aRetail,aResidential,aParks,aTransit,adDeaths,adDeaths_1,mob_idx
1814,Georgia,2020-03-25,1247,40,-42.0,-33.0,17.0,19.0,-39.0,8.0,7.0,4.0,-33.0,-6.428571428571429,5.142857142857143,20.857142857142858,-12.714285714285714,5.285714285714286,4.428571428571429,6.523809523809525
1815,Georgia,2020-03-26,1525,48,-43.0,-34.0,18.0,3.0,-43.0,8.0,8.0,6.0,-34.714285714285715,-10.571428571428571,7.0,21.428571428571427,-16.571428571428573,5.428571428571429,5.285714285714286,5.952380952380952
1816,Georgia,2020-03-27,2000,64,-42.0,-35.0,18.0,33.0,-45.0,16.0,8.0,5.0,-36.142857142857146,-14.428571428571429,8.714285714285714,22.428571428571427,-20.142857142857142,7.142857142857143,5.428571428571429,5.57142857142857
1817,Georgia,2020-03-28,2366,69,-28.0,-39.0,12.0,14.0,-43.0,5.0,16.0,0.0,-37.57142857142857,-18.285714285714285,9.714285714285714,20.0,-23.428571428571427,7.0,7.142857142857143,3.8095238095238098
1818,Georgia,2020-03-29,2651,80,-37.0,-42.0,11.0,-2.0,-52.0,11.0,5.0,7.0,-38.714285714285715,-22.142857142857142,10.714285714285714,17.142857142857142,-27.571428571428573,7.857142857142857,7.0,1.9047619047619044
1819,Georgia,2020-03-30,2808,87,-44.0,-34.0,16.0,2.0,-47.0,7.0,11.0,8.0,-39.57142857142857,-26.0,12.0,12.0,-30.857142857142858,8.857142857142858,7.857142857142857,-0.6666666666666666
1820,Georgia,2020-03-31,3929,111,-47.0,-37.0,20.0,-36.0,-46.0,24.0,7.0,8.0,-40.42857142857143,-29.0,13.0,7.0,-33.57142857142857,11.285714285714286,8.857142857142858,-3.0
1821,Georgia,2020-04-01,4638,139,-47.0,-30.0,18.0,-5.0,-44.0,28.0,24.0,16.0,-41.142857142857146,-31.142857142857142,13.714285714285714,6.285714285714286,-35.714285714285715,14.142857142857142,11.285714285714286,-3.7142857142857153
1822,Georgia,2020-04-02,5348,163,-47.0,-29.0,19.0,-15.0,-46.0,24.0,28.0,5.0,-41.714285714285715,-33.0,14.428571428571429,2.857142857142857,-37.714285714285715,16.428571428571427,14.142857142857142,-5.238095238095237
1823,Georgia,2020-04-03,5831,184,-48.0,-37.0,20.0,4.0,-50.0,21.0,24.0,11.0,-42.57142857142857,-34.57142857142857,15.142857142857142,1.0,-39.857142857142854,17.142857142857142,16.428571428571427,-6.142857142857142
1824,Georgia,2020-04-04,6160,201,-36.0,-50.0,16.0,-18.0,-53.0,17.0,21.0,7.0,-43.714285714285715,-35.714285714285715,15.571428571428571,-1.7142857142857142,-42.142857142857146,18.857142857142858,17.142857142857142,-7.285714285714287
1825,Georgia,2020-04-05,6647,211,-42.0,-50.0,13.0,-13.0,-59.0,10.0,17.0,24.0,-44.42857142857143,-36.142857142857146,15.714285714285714,0.5714285714285714,-43.57142857142857,18.714285714285715,18.857142857142858,-6.6190476190476195
1826,Georgia,2020-04-06,7314,229,-50.0,-40.0,19.0,-3.0,-52.0,18.0,10.0,28.0,-45.285714285714285,-36.0,15.714285714285714,6.571428571428571,-44.142857142857146,20.285714285714285,18.714285714285715,-4.571428571428571
1827,Georgia,2020-04-07,8822,329,-51.0,-40.0,21.0,-18.0,-50.0,100.0,18.0,24.0,-45.857142857142854,-36.285714285714285,16.0,4.714285714285714,-45.0,31.142857142857142,20.285714285714285,-5.19047619047619
1828,Georgia,2020-04-08,9901,362,-52.0,-39.0,20.0,-6.0,-49.0,33.0,100.0,21.0,-46.57142857142857,-35.857142857142854,16.142857142857142,1.2857142857142858,-45.714285714285715,31.857142857142858,31.142857142857142,-6.142857142857142
1829,Georgia,2020-04-09,10566,379,-51.0,-37.0,21.0,-10.0,-51.0,17.0,33.0,17.0,-47.142857142857146,-35.142857142857146,16.285714285714285,-1.2857142857142858,-46.142857142857146,30.857142857142858,31.857142857142858,-6.714285714285715
1830,Georgia,2020-04-10,11485,416,-54.0,-37.0,22.0,13.0,-53.0,37.0,17.0,10.0,-48.0,-35.42857142857143,16.571428571428573,-5.428571428571429,-46.857142857142854,33.142857142857146,30.857142857142858,-8.095238095238095
1831,Georgia,2020-04-11,12159,429,-36.0,-40.0,13.0,3.0,-53.0,13.0,37.0,18.0,-48.0,-37.0,17.142857142857142,-10.0,-48.285714285714285,32.57142857142857,33.142857142857146,-9.952380952380953
1832,Georgia,2020-04-12,12452,433,-49.0,-63.0,14.0,-57.0,-65.0,4.0,13.0,100.0,-49.0,-38.142857142857146,17.428571428571427,-11.571428571428571,-49.285714285714285,31.714285714285715,32.57142857142857,-10.761904761904765
1833,Georgia,2020-04-13,13315,465,-48.0,-38.0,18.0,-6.0,-52.0,32.0,4.0,33.0,-48.714285714285715,-39.0,17.857142857142858,-12.285714285714286,-50.0,33.714285714285715,31.714285714285715,-11.142857142857144
1834,Georgia,2020-04-14,14578,525,-47.0,-34.0,19.0,0.0,-48.0,60.0,32.0,17.0,-48.142857142857146,-39.42857142857143,18.0,-9.714285714285714,-50.57142857142857,28.0,33.714285714285715,-10.380952380952381
1835,Georgia,2020-04-15,14987,552,-48.0,-27.0,18.0,-2.0,-46.0,27.0,60.0,37.0,-47.57142857142857,-40.714285714285715,18.285714285714285,-9.857142857142858,-51.285714285714285,27.142857142857142,28.0,-10.761904761904765
1836,Georgia,2020-04-16,15669,587,-47.0,-30.0,20.0,-6.0,-48.0,35.0,27.0,13.0,-47.0,-41.857142857142854,18.571428571428573,-9.142857142857142,-52.0,29.714285714285715,27.142857142857142,-10.809523809523808
1837,Georgia,2020-04-17,17194,650,-46.0,-33.0,19.0,27.0,-49.0,63.0,35.0,4.0,-45.857142857142854,-41.857142857142854,18.857142857142858,-7.857142857142857,-52.42857142857143,33.42857142857143,29.714285714285715,-10.285714285714285
1838,Georgia,2020-04-18,17669,673,-31.0,-36.0,12.0,9.0,-47.0,23.0,63.0,32.0,-45.142857142857146,-40.42857142857143,18.428571428571427,-4.857142857142857,-52.42857142857143,34.857142857142854,33.42857142857143,-8.952380952380954
1839,Georgia,2020-04-19,18301,687,-42.0,-50.0,14.0,-58.0,-62.0,14.0,23.0,60.0,-44.142857142857146,-42.285714285714285,18.571428571428573,-11.142857142857142,-53.285714285714285,36.285714285714285,34.857142857142854,-11.619047619047619
1840,Georgia,2020-04-20,19407,775,-46.0,-31.0,18.0,-4.0,-51.0,88.0,14.0,27.0,-43.857142857142854,-42.0,18.428571428571427,-11.571428571428571,-53.285714285714285,44.285714285714285,36.285714285714285,-11.714285714285715
1841,Georgia,2020-04-21,19881,798,-46.0,-30.0,19.0,6.0,-47.0,23.0,88.0,35.0,-43.714285714285715,-41.142857142857146,18.142857142857142,-9.0,-53.0,39.0,44.285714285714285,-10.666666666666666
1842,Georgia,2020-04-22,21214,848,-47.0,-30.0,18.0,11.0,-46.0,50.0,23.0,63.0,-43.57142857142857,-39.42857142857143,17.857142857142858,-8.428571428571429,-52.57142857142857,42.285714285714285,39.0,-10.0
1843,Georgia,2020-04-23,21883,881,-49.0,-40.0,23.0,-50.0,-53.0,33.0,50.0,23.0,-43.857142857142854,-38.42857142857143,17.714285714285715,-7.857142857142857,-52.142857142857146,42.0,42.285714285714285,-9.523809523809524
1844,Georgia,2020-04-24,22491,899,-45.0,-31.0,18.0,22.0,-48.0,18.0,33.0,14.0,-43.714285714285715,-37.857142857142854,17.285714285714285,-5.857142857142857,-51.57142857142857,35.57142857142857,42.0,-8.809523809523808
1845,Georgia,2020-04-25,23222,907,-28.0,-32.0,11.0,20.0,-45.0,8.0,18.0,88.0,-43.285714285714285,-37.285714285714285,17.142857142857142,-5.0,-50.714285714285715,33.42857142857143,35.57142857142857,-8.380952380952381
1846,Georgia,2020-04-26,23486,916,-36.0,-34.0,10.0,4.0,-53.0,9.0,8.0,23.0,-42.42857142857143,-35.42857142857143,17.142857142857142,-5.142857142857143,-50.285714285714285,32.714285714285715,33.42857142857143,-7.80952380952381
1847,Georgia,2020-04-27,24302,995,-43.0,-25.0,16.0,14.0,-47.0,79.0,9.0,50.0,-42.0,-34.42857142857143,17.142857142857142,-4.857142857142857,-50.142857142857146,31.428571428571427,32.714285714285715,-7.380952380952382
1848,Georgia,2020-04-28,24922,1036,-45.0,-24.0,12.0,15.0,-43.0,41.0,79.0,33.0,-41.857142857142854,-33.857142857142854,17.142857142857142,-4.0,-50.0,34.0,31.428571428571427,-6.904761904761904
1849,Georgia,2020-04-29,25775,1101,-45.0,-27.0,18.0,-19.0,-45.0,65.0,41.0,18.0,-41.57142857142857,-34.285714285714285,17.142857142857142,-2.142857142857143,-50.0,36.142857142857146,34.0,-6.428571428571428
1850,Georgia,2020-04-30,26264,1132,-45.0,-23.0,18.0,-15.0,-44.0,31.0,65.0,8.0,-41.0,-35.714285714285715,17.571428571428573,-8.428571428571429,-50.714285714285715,35.857142857142854,36.142857142857146,-8.857142857142856
1851,Georgia,2020-05-01,27489,1169,-43.0,-21.0,15.0,45.0,-41.0,37.0,31.0,9.0,-40.714285714285715,-35.42857142857143,17.428571428571427,-9.142857142857142,-50.57142857142857,38.57142857142857,35.857142857142854,-9.04761904761905
1852,Georgia,2020-05-02,28331,1177,-25.0,-23.0,8.0,46.0,-36.0,8.0,37.0,79.0,-40.285714285714285,-34.857142857142854,17.285714285714285,-7.571428571428571,-50.285714285714285,38.57142857142857,38.57142857142857,-8.38095238095238
1853,Georgia,2020-05-03,28665,1184,-30.0,-26.0,8.0,39.0,-47.0,7.0,8.0,41.0,-39.42857142857143,-32.57142857142857,16.714285714285715,1.2857142857142858,-49.0,38.285714285714285,38.57142857142857,-4.857142857142856
1854,Georgia,2020-05-04,29451,1246,-41.0,-18.0,14.0,19.0,-43.0,62.0,7.0,65.0,-39.142857142857146,-31.714285714285715,16.428571428571427,3.857142857142857,-48.42857142857143,35.857142857142854,38.285714285714285,-3.80952380952381
1855,Georgia,2020-05-05,29998,1299,-42.0,-16.0,15.0,10.0,-40.0,53.0,62.0,31.0,-38.714285714285715,-30.857142857142858,15.428571428571429,5.142857142857143,-47.857142857142854,37.57142857142857,35.857142857142854,-3.4285714285714284
1856,Georgia,2020-05-06,30743,1327,-42.0,-18.0,15.0,17.0,-40.0,28.0,53.0,37.0,-38.285714285714285,-30.428571428571427,15.428571428571429,0.8571428571428571,-47.714285714285715,32.285714285714285,37.57142857142857,-4.7142857142857135
1857,Georgia,2020-05-07,31618,1355,-42.0,-18.0,16.0,11.0,-41.0,28.0,28.0,8.0,-37.857142857142854,-28.0,14.714285714285714,5.857142857142857,-46.42857142857143,31.857142857142858,32.285714285714285,-2.4761904761904767
1858,Georgia,2020-05-08,32181,1400,-41.0,-23.0,16.0,1.0,-43.0,45.0,28.0,7.0,-37.57142857142857,-26.571428571428573,14.285714285714286,9.142857142857142,-45.42857142857143,33.0,31.857142857142858,-1.0476190476190481
1859,Georgia,2020-05-09,32588,1403,-21.0,-17.0,7.0,29.0,-35.0,3.0,45.0,62.0,-37.0,-25.285714285714285,13.857142857142858,12.857142857142858,-44.142857142857146,32.285714285714285,33.0,0.4761904761904769
1860,Georgia,2020-05-10,33580,1406,-27.0,-20.0,5.0,34.0,-44.0,3.0,3.0,53.0,-36.57142857142857,-24.142857142857142,13.571428571428571,17.857142857142858,-43.285714285714285,31.714285714285715,32.285714285714285,2.428571428571429
1861,Georgia,2020-05-11,34002,1444,-39.0,-19.0,14.0,24.0,-42.0,38.0,3.0,28.0,-36.285714285714285,-23.142857142857142,13.285714285714286,18.571428571428573,-42.714285714285715,28.285714285714285,31.714285714285715,2.9047619047619055
1862,Georgia,2020-05-12,34924,1498,-39.0,-17.0,15.0,24.0,-39.0,54.0,38.0,28.0,-35.857142857142854,-22.0,13.714285714285714,17.857142857142858,-42.285714285714285,28.428571428571427,28.285714285714285,3.1904761904761902
1863,Georgia,2020-05-13,35427,1517,-40.0,-16.0,14.0,32.0,-39.0,19.0,54.0,45.0,-35.57142857142857,-20.714285714285715,13.285714285714286,23.0,-41.57142857142857,27.142857142857142,28.428571428571427,5.190476190476191
1864,Georgia,2020-05-14,35977,1545,-40.0,-17.0,15.0,21.0,-40.0,28.0,19.0,3.0,-35.285714285714285,-20.0,13.0,26.714285714285715,-41.142857142857146,27.142857142857142,27.142857142857142,6.571428571428572
1865,Georgia,2020-05-15,36772,1588,-39.0,-19.0,13.0,60.0,-39.0,43.0,28.0,3.0,-35.0,-20.285714285714285,13.142857142857142,20.428571428571427,-41.42857142857143,26.857142857142858,27.142857142857142,4.428571428571428
1866,Georgia,2020-05-16,37212,1598,-19.0,-20.0,7.0,59.0,-34.0,10.0,43.0,38.0,-34.714285714285715,-19.428571428571427,13.0,18.0,-41.285714285714285,27.857142857142858,26.857142857142858,3.8571428571428577
1867,Georgia,2020-05-17,37579,1610,-25.0,-21.0,6.0,46.0,-42.0,12.0,10.0,54.0,-34.42857142857143,-18.571428571428573,12.571428571428571,17.285714285714285,-40.857142857142854,29.142857142857142,27.857142857142858,3.761904761904761
1868,Georgia,2020-05-18,38283,1649,-38.0,-18.0,14.0,-3.0,-42.0,39.0,12.0,19.0,-34.285714285714285,-18.714285714285715,12.571428571428571,18.0,-40.714285714285715,29.285714285714285,29.142857142857142,3.952380952380952
1869,Georgia,2020-05-19,38855,1675,-38.0,-13.0,14.0,26.0,-38.0,26.0,39.0,28.0,-34.142857142857146,-18.857142857142858,12.571428571428571,20.0,-40.57142857142857,25.285714285714285,29.285714285714285,4.571428571428571
1870,Georgia,2020-05-20,39801,1697,-39.0,-15.0,15.0,-1.0,-38.0,22.0,26.0,43.0,-34.0,-18.571428571428573,12.428571428571429,22.142857142857142,-40.42857142857143,25.714285714285715,25.285714285714285,5.333333333333333
1871,Georgia,2020-05-21,40663,1775,-38.0,-13.0,14.0,19.0,-36.0,78.0,22.0,10.0,-33.714285714285715,-18.428571428571427,12.285714285714286,23.571428571428573,-40.285714285714285,32.857142857142854,25.714285714285715,5.80952380952381
1872,Georgia,2020-05-22,41482,1808,-38.0,-16.0,13.0,51.0,-33.0,33.0,78.0,12.0,-33.57142857142857,-17.857142857142858,11.857142857142858,32.0,-39.714285714285715,31.428571428571427,32.857142857142854,8.666666666666666
1873,Georgia,2020-05-23,42242,1822,-18.0,-18.0,5.0,62.0,-31.0,14.0,33.0,39.0,-33.42857142857143,-18.285714285714285,11.857142857142858,36.285714285714285,-39.57142857142857,32.0,31.428571428571427,9.952380952380953
1874,Georgia,2020-05-24,42902,1827,-26.0,-19.0,5.0,58.0,-43.0,5.0,14.0,26.0,-33.57142857142857,-18.428571428571427,12.0,38.0,-39.285714285714285,31.0,32.0,10.523809523809524
1875,Georgia,2020-05-25,43400,1848,-70.0,-23.0,20.0,67.0,-51.0,21.0,5.0,22.0,-38.142857142857146,-18.285714285714285,12.0,34.142857142857146,-39.285714285714285,28.428571428571427,31.0,9.285714285714286
1876,Georgia,2020-05-26,43983,1896,-38.0,-17.0,14.0,1.0,-38.0,48.0,21.0,78.0,-38.142857142857146,-17.714285714285715,11.857142857142858,34.42857142857143,-39.142857142857146,31.571428571428573,28.428571428571427,9.523809523809524
1877,Georgia,2020-05-27,44638,1933,-38.0,-17.0,14.0,-4.0,-38.0,37.0,48.0,33.0,-38.0,-17.571428571428573,12.0,29.714285714285715,-39.0,33.714285714285715,31.571428571428573,8.047619047619047
1878,Georgia,2020-05-28,45266,1973,-37.0,-14.0,14.0,11.0,-37.0,40.0,37.0,14.0,-37.857142857142854,-17.0,11.857142857142858,29.428571428571427,-38.42857142857143,28.285714285714285,33.714285714285715,8.095238095238095
1879,Georgia,2020-05-29,45881,1987,-36.0,-16.0,13.0,44.0,-38.0,14.0,40.0,5.0,-37.57142857142857,-16.571428571428573,11.857142857142858,28.142857142857142,-37.57142857142857,25.571428571428573,28.285714285714285,7.809523809523809
1880,Georgia,2020-05-30,46331,2004,-9.0,-17.0,5.0,58.0,-33.0,17.0,14.0,21.0,-36.285714285714285,-16.285714285714285,11.571428571428571,28.571428571428573,-37.142857142857146,26.0,25.571428571428573,7.952380952380953
1881,Georgia,2020-05-31,47063,2053,-17.0,-17.0,5.0,59.0,-40.0,49.0,17.0,48.0,-35.0,-16.0,11.428571428571429,30.285714285714285,-37.285714285714285,32.285714285714285,26.0,8.571428571428571
1882,Georgia,2020-06-01,47902,2094,-35.0,-10.0,10.0,44.0,-40.0,41.0,49.0,37.0,-30.0,-16.714285714285715,12.285714285714286,40.285714285714285,-38.57142857142857,35.142857142857146,32.285714285714285,11.95238095238095
1883,Georgia,2020-06-02,48207,2102,-35.0,-10.0,12.0,40.0,-38.0,8.0,41.0,40.0,-29.571428571428573,-17.285714285714285,12.285714285714286,36.714285714285715,-38.57142857142857,29.428571428571427,35.142857142857146,10.571428571428571
1884,Georgia,2020-06-03,48894,2123,-36.0,-8.0,11.0,48.0,-37.0,21.0,8.0,14.0,-29.285714285714285,-17.571428571428573,12.142857142857142,36.285714285714285,-38.57142857142857,27.142857142857142,29.428571428571427,10.285714285714285
1885,Georgia,2020-06-04,49859,2149,-36.0,-11.0,12.0,23.0,-38.0,26.0,21.0,17.0,-29.142857142857142,-17.714285714285715,12.142857142857142,35.142857142857146,-38.714285714285715,25.142857142857142,27.142857142857142,9.857142857142858
1886,Georgia,2020-06-05,50621,2174,-36.0,-15.0,12.0,47.0,-37.0,25.0,26.0,49.0,-29.142857142857142,-17.714285714285715,12.142857142857142,34.142857142857146,-39.42857142857143,26.714285714285715,25.142857142857142,9.523809523809524
1887,Georgia,2020-06-06,51359,2178,-12.0,-15.0,5.0,61.0,-31.0,4.0,25.0,41.0,-29.571428571428573,-17.571428571428573,12.142857142857142,33.57142857142857,-39.714285714285715,24.857142857142858,26.714285714285715,9.38095238095238
1888,Georgia,2020-06-07,51898,2180,-19.0,-16.0,5.0,55.0,-38.0,2.0,4.0,8.0,-29.857142857142858,-17.285714285714285,12.142857142857142,33.714285714285715,-39.285714285714285,18.142857142857142,24.857142857142858,9.523809523809524
1889,Georgia,2020-06-08,52497,2208,-34.0,-12.0,11.0,33.0,-40.0,28.0,2.0,21.0,-29.714285714285715,-15.428571428571429,10.714285714285714,30.428571428571427,-37.714285714285715,16.285714285714285,18.142857142857142,8.571428571428571
1890,Georgia,2020-06-09,53249,2285,-35.0,-11.0,12.0,28.0,-37.0,77.0,28.0,26.0,-29.714285714285715,-14.428571428571429,10.428571428571429,36.0,-37.714285714285715,26.142857142857142,16.285714285714285,10.666666666666666
1891,Georgia,2020-06-10,53980,2329,-36.0,-11.0,12.0,16.0,-37.0,44.0,77.0,25.0,-29.714285714285715,-13.142857142857142,10.0,43.42857142857143,-37.57142857142857,29.428571428571427,26.142857142857142,13.42857142857143
1892,Georgia,2020-06-11,54973,2375,-35.0,-9.0,11.0,44.0,-35.0,46.0,44.0,4.0,-29.571428571428573,-12.714285714285714,9.714285714285714,45.142857142857146,-37.714285714285715,32.285714285714285,29.428571428571427,14.04761904761905
1893,Georgia,2020-06-12,55783,2418,-35.0,-13.0,10.0,76.0,-34.0,43.0,46.0,2.0,-29.428571428571427,-12.571428571428571,9.571428571428571,45.57142857142857,-37.57142857142857,34.857142857142854,32.285714285714285,14.19047619047619
1894,Georgia,2020-06-13,56804,2447,-9.0,-13.0,3.0,84.0,-27.0,29.0,43.0,28.0,-29.0,-12.285714285714286,9.571428571428571,46.0,-37.285714285714285,38.42857142857143,34.857142857142854,14.428571428571429
1895,Georgia,2020-06-14,57681,2451,-17.0,-15.0,4.0,60.0,-35.0,4.0,29.0,77.0,-28.714285714285715,-12.142857142857142,9.571428571428571,45.42857142857143,-37.0,38.714285714285715,38.42857142857143,14.285714285714286
