,CountryOrState,Date,confirmed,deaths,work,retail,residential,parks,transit,dDeaths,dDeaths_1,dDeaths_5,aWork,aRetail,aResidential,aParks,aTransit,adDeaths,adDeaths_1,mob_idx
509,Arizona,2020-04-03,1769,44,-46.0,-38.0,19.0,-21.0,-41.0,9.0,3.0,2.0,-41.142857142857146,-34.42857142857143,13.571428571428571,-7.857142857142857,-32.857142857142854,4.428571428571429,3.857142857142857,-9.571428571428573
510,Arizona,2020-04-04,2019,52,-34.0,-44.0,13.0,-36.0,-43.0,8.0,9.0,3.0,-41.857142857142854,-35.142857142857146,13.857142857142858,-9.285714285714286,-34.42857142857143,5.285714285714286,4.428571428571429,-10.190476190476192
511,Arizona,2020-04-05,2269,64,-37.0,-43.0,11.0,-23.0,-47.0,12.0,8.0,5.0,-42.42857142857143,-35.57142857142857,14.142857142857142,-10.285714285714286,-35.57142857142857,6.714285714285714,5.285714285714286,-10.571428571428571
512,Arizona,2020-04-06,2460,65,-47.0,-38.0,17.0,-18.0,-41.0,1.0,12.0,7.0,-43.142857142857146,-35.42857142857143,14.285714285714286,-10.714285714285714,-36.142857142857146,6.428571428571429,6.714285714285714,-10.61904761904762
513,Arizona,2020-04-07,2575,73,-48.0,-38.0,17.0,-18.0,-39.0,8.0,1.0,3.0,-43.714285714285715,-35.57142857142857,14.428571428571429,-13.142857142857142,-36.714285714285715,6.857142857142857,6.428571428571429,-11.428571428571425
514,Arizona,2020-04-08,2726,89,-49.0,-39.0,18.0,-27.0,-41.0,16.0,8.0,9.0,-44.0,-36.285714285714285,14.714285714285714,-15.0,-37.42857142857143,8.142857142857142,6.857142857142857,-12.19047619047619
515,Arizona,2020-04-09,3018,98,-49.0,-37.0,18.0,-17.0,-41.0,9.0,16.0,8.0,-44.285714285714285,-36.857142857142854,15.0,-16.142857142857142,-38.0,9.0,8.142857142857142,-12.666666666666666
516,Arizona,2020-04-10,3112,106,-50.0,-38.0,20.0,-21.0,-43.0,8.0,9.0,12.0,-44.857142857142854,-36.857142857142854,15.142857142857142,-16.0,-38.285714285714285,8.857142857142858,9.0,-12.57142857142857
517,Arizona,2020-04-11,3393,117,-36.0,-43.0,14.0,-42.0,-45.0,11.0,8.0,1.0,-45.142857142857146,-37.285714285714285,15.285714285714286,-17.714285714285715,-39.142857142857146,9.285714285714286,8.857142857142858,-13.238095238095239
518,Arizona,2020-04-12,3542,125,-41.0,-57.0,10.0,-31.0,-48.0,8.0,11.0,8.0,-45.714285714285715,-37.714285714285715,15.428571428571429,-20.0,-40.0,8.714285714285714,9.285714285714286,-14.095238095238095
519,Arizona,2020-04-13,3705,132,-47.0,-39.0,17.0,-22.0,-42.0,7.0,8.0,16.0,-45.714285714285715,-38.857142857142854,15.857142857142858,-21.714285714285715,-40.57142857142857,9.571428571428571,8.714285714285714,-14.904761904761903
520,Arizona,2020-04-14,3809,143,-47.0,-37.0,18.0,-17.0,-38.0,11.0,7.0,9.0,-45.57142857142857,-39.57142857142857,16.0,-21.857142857142858,-41.142857142857146,10.0,9.571428571428571,-15.142857142857144
521,Arizona,2020-04-15,3964,155,-46.0,-31.0,17.0,-15.0,-36.0,12.0,11.0,8.0,-45.142857142857146,-39.714285714285715,16.142857142857142,-22.857142857142858,-41.714285714285715,9.428571428571429,10.0,-15.476190476190476
522,Arizona,2020-04-16,4237,164,-47.0,-33.0,17.0,-13.0,-38.0,9.0,12.0,11.0,-44.857142857142854,-39.57142857142857,16.142857142857142,-22.857142857142858,-41.857142857142854,9.428571428571429,9.428571428571429,-15.428571428571429
523,Arizona,2020-04-17,4511,183,-46.0,-37.0,19.0,-19.0,-39.0,19.0,9.0,8.0,-44.285714285714285,-39.57142857142857,16.285714285714285,-22.857142857142858,-42.142857142857146,11.0,9.428571428571429,-15.38095238095238
524,Arizona,2020-04-18,4724,180,-32.0,-40.0,12.0,-29.0,-38.0,-3.0,19.0,7.0,-43.714285714285715,-39.42857142857143,16.428571428571427,-23.714285714285715,-42.42857142857143,9.0,11.0,-15.571428571428575
525,Arizona,2020-04-19,4933,184,-34.0,-38.0,9.0,-15.0,-42.0,4.0,-3.0,11.0,-42.714285714285715,-41.42857142857143,16.285714285714285,-24.857142857142858,-42.57142857142857,8.428571428571429,9.0,-16.666666666666668
526,Arizona,2020-04-20,5068,191,-46.0,-33.0,16.0,-13.0,-39.0,7.0,4.0,12.0,-42.57142857142857,-41.57142857142857,16.285714285714285,-25.428571428571427,-42.714285714285715,8.428571428571429,8.428571428571429,-16.9047619047619
527,Arizona,2020-04-21,5256,208,-46.0,-34.0,17.0,-16.0,-37.0,17.0,7.0,9.0,-42.42857142857143,-41.42857142857143,16.428571428571427,-25.285714285714285,-42.57142857142857,9.285714285714286,8.428571428571429,-16.761904761904763
528,Arizona,2020-04-22,5473,231,-47.0,-34.0,17.0,-16.0,-36.0,23.0,17.0,19.0,-42.57142857142857,-40.285714285714285,16.285714285714285,-23.571428571428573,-41.857142857142854,10.857142857142858,9.285714285714286,-15.857142857142856
529,Arizona,2020-04-23,5772,249,-47.0,-34.0,17.0,-15.0,-39.0,18.0,23.0,-3.0,-42.57142857142857,-39.714285714285715,16.142857142857142,-23.0,-41.42857142857143,12.142857142857142,10.857142857142858,-15.523809523809524
530,Arizona,2020-04-24,6045,266,-46.0,-36.0,18.0,-19.0,-39.0,17.0,18.0,4.0,-42.57142857142857,-39.57142857142857,16.0,-22.714285714285715,-40.857142857142854,11.857142857142858,12.142857142857142,-15.428571428571429
531,Arizona,2020-04-25,6286,273,-32.0,-40.0,12.0,-28.0,-37.0,7.0,17.0,7.0,-42.57142857142857,-39.142857142857146,15.714285714285714,-20.857142857142858,-39.857142857142854,13.285714285714286,11.857142857142858,-14.761904761904765
532,Arizona,2020-04-26,6534,275,-34.0,-37.0,9.0,-22.0,-41.0,2.0,7.0,17.0,-42.57142857142857,-36.42857142857143,15.571428571428571,-18.571428571428573,-39.0,13.0,13.285714285714286,-13.142857142857144
533,Arizona,2020-04-27,6725,275,-45.0,-31.0,16.0,-19.0,-38.0,0.0,2.0,23.0,-42.42857142857143,-35.57142857142857,15.428571428571429,-17.285714285714285,-38.57142857142857,12.0,13.0,-12.476190476190474
534,Arizona,2020-04-28,6955,275,-46.0,-32.0,9.0,-20.0,-34.0,0.0,0.0,18.0,-42.42857142857143,-35.142857142857146,15.285714285714286,-17.142857142857142,-38.42857142857143,9.571428571428571,12.0,-12.333333333333334
535,Arizona,2020-04-29,7209,308,-46.0,-31.0,16.0,-23.0,-35.0,33.0,0.0,17.0,-42.285714285714285,-35.57142857142857,15.285714285714286,-17.285714285714285,-38.42857142857143,11.0,9.571428571428571,-12.523809523809524
536,Arizona,2020-04-30,7655,320,-46.0,-30.0,16.0,-19.0,-36.0,12.0,33.0,7.0,-42.142857142857146,-35.714285714285715,15.285714285714286,-17.571428571428573,-38.57142857142857,10.142857142857142,11.0,-12.666666666666666
537,Arizona,2020-05-01,7969,330,-44.0,-31.0,17.0,-17.0,-35.0,10.0,12.0,2.0,-41.857142857142854,-35.57142857142857,15.142857142857142,-17.571428571428573,-38.57142857142857,9.142857142857142,10.142857142857142,-12.666666666666666
538,Arizona,2020-05-02,8364,330,-30.0,-36.0,11.0,-29.0,-35.0,0.0,10.0,0.0,-41.57142857142857,-35.57142857142857,15.142857142857142,-17.428571428571427,-38.42857142857143,8.142857142857142,9.142857142857142,-12.619047619047619
539,Arizona,2020-05-03,8640,362,-30.0,-34.0,8.0,-18.0,-38.0,32.0,0.0,0.0,-41.0,-35.42857142857143,15.142857142857142,-18.428571428571427,-38.285714285714285,12.428571428571429,8.142857142857142,-12.904761904761905
540,Arizona,2020-05-04,8924,362,-43.0,-28.0,14.0,-15.0,-36.0,0.0,32.0,33.0,-40.714285714285715,-35.142857142857146,15.142857142857142,-19.285714285714285,-38.142857142857146,12.428571428571429,12.428571428571429,-13.095238095238097
541,Arizona,2020-05-05,9305,395,-44.0,-27.0,15.0,-18.0,-33.0,33.0,0.0,12.0,-40.42857142857143,-34.857142857142854,14.0,-19.857142857142858,-37.714285714285715,17.142857142857142,12.428571428571429,-13.57142857142857
542,Arizona,2020-05-06,9707,426,-44.0,-30.0,15.0,-20.0,-34.0,31.0,33.0,10.0,-40.142857142857146,-34.42857142857143,13.857142857142858,-20.857142857142858,-37.57142857142857,16.857142857142858,17.142857142857142,-13.80952380952381
543,Arizona,2020-05-07,9945,450,-44.0,-29.0,16.0,-15.0,-35.0,24.0,31.0,0.0,-39.857142857142854,-33.857142857142854,13.714285714285714,-21.428571428571427,-37.142857142857146,18.571428571428573,16.857142857142858,-13.857142857142856
544,Arizona,2020-05-08,10526,517,-42.0,-30.0,16.0,-13.0,-33.0,67.0,24.0,32.0,-39.57142857142857,-33.142857142857146,13.571428571428571,-21.142857142857142,-36.57142857142857,26.714285714285715,18.571428571428573,-13.571428571428575
545,Arizona,2020-05-09,10960,532,-26.0,-32.0,9.0,-25.0,-33.0,15.0,67.0,0.0,-39.0,-32.57142857142857,13.428571428571429,-21.285714285714285,-36.285714285714285,28.857142857142858,26.714285714285715,-13.476190476190474
546,Arizona,2020-05-10,11119,536,-25.0,-29.0,6.0,-21.0,-33.0,4.0,15.0,33.0,-38.285714285714285,-32.142857142857146,13.285714285714286,-20.714285714285715,-35.857142857142854,24.857142857142858,28.857142857142858,-13.190476190476192
547,Arizona,2020-05-11,11383,542,-41.0,-25.0,13.0,-16.0,-34.0,6.0,4.0,31.0,-38.0,-31.714285714285715,13.0,-20.142857142857142,-35.57142857142857,25.714285714285715,24.857142857142858,-12.952380952380954
548,Arizona,2020-05-12,11736,562,-41.0,-24.0,14.0,-14.0,-31.0,20.0,6.0,24.0,-37.57142857142857,-31.0,13.857142857142858,-19.857142857142858,-35.42857142857143,23.857142857142858,25.714285714285715,-12.333333333333334
549,Arizona,2020-05-13,12216,595,-41.0,-24.0,14.0,-10.0,-30.0,33.0,20.0,67.0,-37.142857142857146,-30.857142857142858,13.714285714285714,-19.428571428571427,-35.285714285714285,24.142857142857142,23.857142857142858,-12.19047619047619
550,Arizona,2020-05-14,12674,624,-42.0,-24.0,14.0,-6.0,-32.0,29.0,33.0,15.0,-36.857142857142854,-30.714285714285715,13.714285714285714,-18.857142857142858,-35.142857142857146,24.857142857142858,24.142857142857142,-11.952380952380954
551,Arizona,2020-05-15,13169,651,-40.0,-26.0,14.0,-7.0,-32.0,27.0,29.0,4.0,-36.57142857142857,-30.571428571428573,13.571428571428571,-18.285714285714285,-34.857142857142854,19.142857142857142,24.857142857142858,-11.761904761904761
552,Arizona,2020-05-16,13666,679,-23.0,-29.0,8.0,-16.0,-31.0,28.0,27.0,6.0,-36.142857142857146,-30.0,13.285714285714286,-17.714285714285715,-34.57142857142857,21.0,19.142857142857142,-11.476190476190476
553,Arizona,2020-05-17,13945,680,-21.0,-25.0,6.0,-8.0,-34.0,1.0,28.0,20.0,-35.57142857142857,-29.285714285714285,13.0,-18.142857142857142,-33.857142857142854,20.571428571428573,21.0,-11.476190476190476
554,Arizona,2020-05-18,14208,687,-38.0,-19.0,12.0,-8.0,-31.0,7.0,1.0,33.0,-35.142857142857146,-28.857142857142858,12.857142857142858,-18.285714285714285,-33.57142857142857,20.714285714285715,20.571428571428573,-11.428571428571429
555,Arizona,2020-05-19,14576,705,-39.0,-18.0,13.0,-7.0,-30.0,18.0,7.0,29.0,-34.857142857142854,-28.428571428571427,12.714285714285714,-17.714285714285715,-33.285714285714285,20.428571428571427,20.714285714285715,-11.142857142857144
556,Arizona,2020-05-20,14906,747,-39.0,-16.0,12.0,2.0,-26.0,42.0,18.0,27.0,-34.57142857142857,-27.571428571428573,12.571428571428571,-16.285714285714285,-32.714285714285715,21.714285714285715,20.428571428571427,-10.428571428571429
557,Arizona,2020-05-21,15348,764,-40.0,-15.0,13.0,3.0,-27.0,17.0,42.0,28.0,-34.285714285714285,-26.857142857142858,12.285714285714286,-15.0,-32.285714285714285,20.0,21.714285714285715,-9.857142857142856
558,Arizona,2020-05-22,15624,775,-39.0,-20.0,13.0,2.0,-26.0,11.0,17.0,1.0,-34.142857142857146,-26.285714285714285,12.0,-14.142857142857142,-32.142857142857146,17.714285714285715,20.0,-9.476190476190476
559,Arizona,2020-05-23,16053,801,-19.0,-25.0,7.0,-4.0,-27.0,26.0,11.0,7.0,-33.57142857142857,-25.857142857142858,11.857142857142858,-12.857142857142858,-31.857142857142858,17.428571428571427,17.714285714285715,-8.952380952380953
560,Arizona,2020-05-24,16377,801,-19.0,-20.0,4.0,21.0,-29.0,0.0,26.0,18.0,-33.285714285714285,-25.285714285714285,11.857142857142858,-11.0,-32.0,17.285714285714285,17.428571428571427,-8.142857142857142
561,Arizona,2020-05-25,16575,807,-69.0,-20.0,18.0,25.0,-35.0,6.0,0.0,42.0,-37.714285714285715,-24.428571428571427,11.714285714285714,-9.857142857142858,-31.571428571428573,17.142857142857142,17.285714285714285,-7.523809523809523
562,Arizona,2020-05-26,16864,810,-38.0,-19.0,12.0,-8.0,-29.0,3.0,6.0,17.0,-37.57142857142857,-23.571428571428573,11.571428571428571,-8.857142857142858,-31.428571428571427,15.0,17.142857142857142,-6.952380952380953
563,Arizona,2020-05-27,17318,834,-38.0,-19.0,12.0,-9.0,-28.0,24.0,3.0,11.0,-37.42857142857143,-22.428571428571427,11.285714285714286,-7.142857142857143,-30.857142857142858,12.428571428571429,15.0,-6.095238095238095
564,Arizona,2020-05-28,17877,860,-38.0,-18.0,13.0,-8.0,-29.0,26.0,24.0,26.0,-37.142857142857146,-21.142857142857142,11.142857142857142,-5.857142857142857,-30.142857142857142,13.714285714285714,12.428571428571429,-5.285714285714286
565,Arizona,2020-05-29,18472,886,-36.0,-22.0,13.0,-13.0,-30.0,26.0,26.0,0.0,-36.714285714285715,-20.285714285714285,11.0,-4.571428571428571,-29.285714285714285,15.857142857142858,13.714285714285714,-4.619047619047619
566,Arizona,2020-05-30,19258,904,-12.0,-26.0,7.0,-23.0,-29.0,18.0,26.0,6.0,-35.714285714285715,-19.714285714285715,10.857142857142858,-2.857142857142857,-28.714285714285715,14.714285714285714,15.857142857142858,-3.904761904761905
567,Arizona,2020-05-31,19936,907,-14.0,-23.0,6.0,-20.0,-31.0,3.0,18.0,3.0,-35.0,-19.0,10.571428571428571,1.2857142857142858,-28.0,15.142857142857142,14.714285714285714,-2.380952380952381
568,Arizona,2020-06-01,20129,918,-36.0,-17.0,11.0,-18.0,-30.0,11.0,3.0,24.0,-30.285714285714285,-19.142857142857142,11.428571428571429,6.0,-28.571428571428573,15.857142857142858,15.142857142857142,-0.5714285714285712
569,Arizona,2020-06-02,21264,943,-37.0,-18.0,12.0,-18.0,-28.0,25.0,11.0,26.0,-30.142857142857142,-19.285714285714285,11.285714285714286,5.857142857142857,-28.428571428571427,19.0,15.857142857142858,-0.7142857142857139
570,Arizona,2020-06-03,22356,983,-37.0,-18.0,12.0,-20.0,-28.0,40.0,25.0,26.0,-30.0,-19.714285714285715,11.285714285714286,4.285714285714286,-28.714285714285715,21.285714285714285,19.0,-1.3809523809523812
571,Arizona,2020-06-04,22886,999,-37.0,-18.0,12.0,-16.0,-30.0,16.0,40.0,18.0,-29.857142857142858,-20.142857142857142,11.285714285714286,2.7142857142857144,-29.0,19.857142857142858,21.285714285714285,-2.047619047619047
572,Arizona,2020-06-05,24439,1015,-36.0,-21.0,13.0,-14.0,-30.0,16.0,16.0,3.0,-29.857142857142858,-20.428571428571427,11.285714285714286,0.5714285714285714,-29.571428571428573,18.428571428571427,19.857142857142858,-2.8571428571428563
573,Arizona,2020-06-06,25451,1043,-13.0,-23.0,6.0,-15.0,-28.0,28.0,16.0,11.0,-30.0,-20.571428571428573,11.285714285714286,-2.142857142857143,-29.857142857142858,19.857142857142858,18.428571428571427,-3.8095238095238098
574,Arizona,2020-06-07,26989,1051,-14.0,-19.0,5.0,-7.0,-29.0,8.0,28.0,25.0,-30.0,-21.0,11.571428571428571,-8.0,-30.142857142857142,20.571428571428573,19.857142857142858,-5.80952380952381
575,Arizona,2020-06-08,27678,1053,-36.0,-14.0,10.0,0.0,-28.0,2.0,8.0,40.0,-30.0,-20.571428571428573,10.571428571428571,-14.142857142857142,-29.428571428571427,19.285714285714285,20.571428571428573,-8.04761904761905
576,Arizona,2020-06-09,28296,1076,-36.0,-15.0,11.0,-3.0,-27.0,23.0,2.0,16.0,-29.857142857142858,-20.428571428571427,10.571428571428571,-15.571428571428571,-29.285714285714285,19.0,19.285714285714285,-8.476190476190476
577,Arizona,2020-06-10,29852,1101,-37.0,-16.0,11.0,-7.0,-29.0,25.0,23.0,16.0,-29.857142857142858,-20.285714285714285,10.571428571428571,-17.142857142857142,-29.285714285714285,16.857142857142858,19.0,-8.95238095238095
578,Arizona,2020-06-11,31267,1135,-37.0,-17.0,12.0,-6.0,-30.0,34.0,25.0,28.0,-29.857142857142858,-20.285714285714285,10.428571428571429,-18.285714285714285,-29.428571428571427,19.428571428571427,16.857142857142858,-9.38095238095238
579,Arizona,2020-06-12,33039,1156,-36.0,-20.0,12.0,-10.0,-29.0,21.0,34.0,8.0,-29.857142857142858,-20.142857142857142,10.428571428571429,-18.428571428571427,-29.428571428571427,20.142857142857142,19.428571428571427,-9.38095238095238
580,Arizona,2020-06-13,34660,1189,-12.0,-23.0,6.0,-16.0,-26.0,33.0,21.0,2.0,-29.714285714285715,-19.714285714285715,10.285714285714286,-17.285714285714285,-29.285714285714285,20.857142857142858,20.142857142857142,-8.904761904761905
581,Arizona,2020-06-14,35706,1191,-12.0,-20.0,4.0,-9.0,-28.0,2.0,33.0,23.0,-29.428571428571427,-19.142857142857142,10.142857142857142,-15.428571428571429,-29.0,20.0,20.857142857142858,-8.142857142857144
