,CountryOrState,Date,confirmed,deaths,work,retail,residential,parks,transit,dDeaths,dDeaths_1,dDeaths_5,aWork,aRetail,aResidential,aParks,aTransit,adDeaths,adDeaths_1,mob_idx
5185,New Mexico,2020-04-07,794,13,-47.0,-36.0,18.0,2.0,-26.0,1.0,0.0,1.0,-42.57142857142857,-41.0,16.285714285714285,-13.428571428571429,-27.714285714285715,1.2857142857142858,1.4285714285714286,-12.714285714285715
5186,New Mexico,2020-04-08,821,13,-47.0,-37.0,18.0,0.0,-28.0,0.0,1.0,4.0,-42.714285714285715,-39.857142857142854,16.285714285714285,-13.0,-27.857142857142858,1.1428571428571428,1.2857142857142858,-12.19047619047619
5187,New Mexico,2020-04-09,865,16,-48.0,-36.0,19.0,1.0,-31.0,3.0,0.0,1.0,-42.857142857142854,-38.857142857142854,16.285714285714285,-10.142857142857142,-27.857142857142858,1.4285714285714286,1.1428571428571428,-10.904761904761903
5188,New Mexico,2020-04-10,1081,17,-51.0,-39.0,20.0,-11.0,-35.0,1.0,3.0,1.0,-43.857142857142854,-37.714285714285715,16.142857142857142,-7.285714285714286,-27.428571428571427,1.0,1.4285714285714286,-9.619047619047619
5189,New Mexico,2020-04-11,1091,19,-36.0,-46.0,14.0,-22.0,-36.0,2.0,1.0,0.0,-44.142857142857146,-37.285714285714285,16.0,-5.857142857142857,-27.714285714285715,1.1428571428571428,1.0,-9.047619047619047
5190,New Mexico,2020-04-12,1245,26,-40.0,-60.0,11.0,-39.0,-42.0,7.0,2.0,1.0,-44.857142857142854,-36.857142857142854,15.857142857142858,-5.142857142857143,-28.0,2.0,1.1428571428571428,-8.714285714285714
5191,New Mexico,2020-04-13,1262,26,-49.0,-44.0,19.0,-42.0,-40.0,0.0,7.0,0.0,-45.42857142857143,-36.42857142857143,15.857142857142858,-3.7142857142857144,-28.0,2.0,2.0,-8.095238095238097
5192,New Mexico,2020-04-14,1345,31,-46.0,-37.0,19.0,-19.0,-30.0,5.0,0.0,3.0,-45.285714285714285,-36.714285714285715,16.0,-4.428571428571429,-28.571428571428573,2.5714285714285716,2.0,-8.380952380952381
5193,New Mexico,2020-04-15,1484,36,-45.0,-28.0,17.0,-9.0,-26.0,5.0,5.0,1.0,-45.0,-37.285714285714285,16.0,-4.0,-29.142857142857142,3.2857142857142856,2.5714285714285716,-8.428571428571429
5194,New Mexico,2020-04-16,1484,36,-46.0,-31.0,18.0,-2.0,-26.0,0.0,5.0,2.0,-44.714285714285715,-37.57142857142857,16.0,-4.142857142857143,-29.857142857142858,2.857142857142857,3.2857142857142856,-8.571428571428571
5195,New Mexico,2020-04-17,1597,44,-43.0,-35.0,18.0,-10.0,-30.0,8.0,0.0,7.0,-43.57142857142857,-38.142857142857146,16.285714285714285,-4.571428571428571,-30.571428571428573,3.857142857142857,2.857142857142857,-8.80952380952381
5196,New Mexico,2020-04-18,1798,53,-32.0,-42.0,13.0,-22.0,-31.0,9.0,8.0,0.0,-43.0,-38.42857142857143,16.428571428571427,-5.142857142857143,-31.285714285714285,4.857142857142857,3.857142857142857,-9.04761904761905
5197,New Mexico,2020-04-19,1845,55,-32.0,-37.0,10.0,-10.0,-34.0,2.0,9.0,5.0,-41.857142857142854,-41.142857142857146,16.571428571428573,-9.714285714285714,-32.57142857142857,4.142857142857143,4.857142857142857,-11.428571428571429
5198,New Mexico,2020-04-20,1971,58,-45.0,-30.0,16.0,1.0,-30.0,3.0,2.0,5.0,-41.285714285714285,-42.57142857142857,17.0,-15.857142857142858,-34.0,4.571428571428571,4.142857142857143,-13.80952380952381
5199,New Mexico,2020-04-21,1971,58,-45.0,-30.0,17.0,-3.0,-26.0,0.0,3.0,0.0,-41.142857142857146,-42.714285714285715,17.142857142857142,-18.857142857142858,-34.57142857142857,3.857142857142857,4.571428571428571,-14.80952380952381
5200,New Mexico,2020-04-22,2210,71,-45.0,-31.0,18.0,-6.0,-26.0,13.0,0.0,8.0,-41.142857142857146,-41.42857142857143,17.0,-20.142857142857142,-34.285714285714285,5.0,3.857142857142857,-14.857142857142856
5201,New Mexico,2020-04-23,2379,78,-46.0,-30.0,18.0,1.0,-26.0,7.0,13.0,9.0,-41.142857142857146,-40.714285714285715,16.857142857142858,-20.571428571428573,-33.57142857142857,6.0,5.0,-14.80952380952381
5202,New Mexico,2020-04-24,2521,84,-43.0,-33.0,17.0,-7.0,-29.0,6.0,7.0,2.0,-41.142857142857146,-40.142857142857146,16.571428571428573,-20.428571428571427,-32.857142857142854,5.714285714285714,6.0,-14.666666666666666
5203,New Mexico,2020-04-25,2660,93,-32.0,-38.0,11.0,-5.0,-28.0,9.0,6.0,3.0,-41.142857142857146,-39.57142857142857,16.428571428571427,-20.428571428571427,-32.142857142857146,5.714285714285714,5.714285714285714,-14.523809523809524
5204,New Mexico,2020-04-26,2726,99,-32.0,-34.0,9.0,-3.0,-32.0,6.0,9.0,0.0,-41.142857142857146,-36.285714285714285,16.285714285714285,-16.285714285714285,-31.0,6.285714285714286,5.714285714285714,-12.095238095238095
5205,New Mexico,2020-04-27,2825,99,-44.0,-27.0,16.0,2.0,-27.0,0.0,6.0,13.0,-41.0,-34.285714285714285,15.857142857142858,-10.142857142857142,-29.571428571428573,5.857142857142857,6.285714285714286,-9.523809523809524
5206,New Mexico,2020-04-28,2974,105,-45.0,-27.0,10.0,4.0,-23.0,6.0,0.0,7.0,-41.0,-33.285714285714285,15.571428571428571,-7.857142857142857,-29.0,6.714285714285714,5.857142857142857,-8.523809523809524
5207,New Mexico,2020-04-29,3213,112,-44.0,-26.0,16.0,3.0,-23.0,7.0,6.0,6.0,-40.857142857142854,-33.714285714285715,15.714285714285714,-7.428571428571429,-29.0,5.857142857142857,6.714285714285714,-8.476190476190476
5208,New Mexico,2020-04-30,3411,123,-45.0,-25.0,17.0,9.0,-22.0,11.0,7.0,9.0,-40.714285714285715,-33.57142857142857,15.714285714285714,-7.0,-29.0,6.428571428571429,5.857142857142857,-8.285714285714285
5209,New Mexico,2020-05-01,3513,131,-41.0,-27.0,15.0,3.0,-22.0,8.0,11.0,6.0,-40.42857142857143,-33.285714285714285,15.571428571428571,-6.571428571428571,-28.857142857142858,6.714285714285714,6.428571428571429,-8.095238095238095
5210,New Mexico,2020-05-02,3732,138,-30.0,-35.0,10.0,-1.0,-24.0,7.0,8.0,0.0,-40.142857142857146,-32.714285714285715,15.285714285714286,-4.142857142857143,-28.428571428571427,6.428571428571429,6.714285714285714,-7.190476190476191
5211,New Mexico,2020-05-03,3850,151,-28.0,-30.0,8.0,6.0,-25.0,13.0,7.0,6.0,-39.57142857142857,-32.285714285714285,15.142857142857142,-3.142857142857143,-28.142857142857142,7.428571428571429,6.428571428571429,-6.761904761904762
5212,New Mexico,2020-05-04,4031,156,-42.0,-23.0,14.0,5.0,-22.0,5.0,13.0,7.0,-39.285714285714285,-31.857142857142858,15.142857142857142,-3.0,-27.714285714285715,8.142857142857142,7.428571428571429,-6.571428571428572
5213,New Mexico,2020-05-05,4138,162,-43.0,-23.0,15.0,11.0,-18.0,6.0,5.0,11.0,-39.0,-31.428571428571427,14.142857142857142,-2.0,-27.285714285714285,8.142857142857142,8.142857142857142,-6.428571428571428
5214,New Mexico,2020-05-06,4291,169,-42.0,-26.0,16.0,11.0,-20.0,7.0,6.0,8.0,-38.714285714285715,-30.714285714285715,13.857142857142858,-0.7142857142857143,-26.857142857142858,8.142857142857142,8.142857142857142,-5.857142857142858
5215,New Mexico,2020-05-07,4493,172,-44.0,-26.0,16.0,16.0,-18.0,3.0,7.0,7.0,-38.57142857142857,-30.0,13.714285714285714,0.42857142857142855,-26.285714285714285,7.0,8.142857142857142,-5.285714285714286
5216,New Mexico,2020-05-08,4673,181,-40.0,-28.0,15.0,7.0,-21.0,9.0,3.0,13.0,-38.42857142857143,-29.142857142857142,13.428571428571429,1.8571428571428572,-25.285714285714285,7.142857142857143,7.0,-4.619047619047619
5217,New Mexico,2020-05-09,4778,191,-27.0,-32.0,9.0,5.0,-20.0,10.0,9.0,5.0,-38.0,-28.714285714285715,13.285714285714286,2.4285714285714284,-24.714285714285715,7.571428571428571,7.142857142857143,-4.333333333333333
5218,New Mexico,2020-05-10,4863,200,-23.0,-29.0,6.0,2.0,-22.0,9.0,10.0,6.0,-37.285714285714285,-28.142857142857142,13.142857142857142,3.7142857142857144,-23.714285714285715,7.0,7.571428571428571,-3.7619047619047614
5219,New Mexico,2020-05-11,5069,208,-41.0,-28.0,15.0,0.0,-22.0,8.0,9.0,7.0,-37.142857142857146,-27.571428571428573,12.857142857142858,4.142857142857143,-23.0,7.428571428571429,7.0,-3.523809523809524
5220,New Mexico,2020-05-12,5212,219,-41.0,-24.0,15.0,17.0,-15.0,11.0,8.0,3.0,-36.857142857142854,-27.0,13.571428571428571,5.142857142857143,-22.285714285714285,8.142857142857142,7.428571428571429,-2.7619047619047614
5221,New Mexico,2020-05-13,5364,231,-40.0,-23.0,15.0,17.0,-15.0,12.0,11.0,9.0,-36.57142857142857,-27.0,13.571428571428571,6.285714285714286,-21.857142857142858,8.857142857142858,8.142857142857142,-2.380952380952381
5222,New Mexico,2020-05-14,5503,242,-42.0,-23.0,16.0,25.0,-18.0,11.0,12.0,10.0,-36.285714285714285,-27.142857142857142,13.428571428571429,7.285714285714286,-21.285714285714285,10.0,8.857142857142858,-2.142857142857143
5223,New Mexico,2020-05-15,5662,253,-39.0,-26.0,14.0,18.0,-23.0,11.0,11.0,9.0,-36.142857142857146,-27.285714285714285,13.428571428571429,7.857142857142857,-21.142857142857142,10.285714285714286,10.0,-1.9999999999999998
5224,New Mexico,2020-05-16,5847,259,-24.0,-31.0,9.0,13.0,-22.0,6.0,11.0,8.0,-35.714285714285715,-26.857142857142858,13.285714285714286,8.714285714285714,-20.571428571428573,9.714285714285714,10.285714285714286,-1.6190476190476193
5225,New Mexico,2020-05-17,5938,265,-21.0,-27.0,7.0,19.0,-21.0,6.0,6.0,11.0,-35.42857142857143,-26.714285714285715,13.0,8.142857142857142,-20.142857142857142,9.285714285714286,9.714285714285714,-1.8571428571428577
5226,New Mexico,2020-05-18,6096,270,-38.0,-19.0,13.0,19.0,-23.0,5.0,6.0,12.0,-35.0,-27.428571428571427,13.142857142857142,7.428571428571429,-20.142857142857142,8.857142857142858,9.285714285714286,-2.285714285714285
5227,New Mexico,2020-05-19,6192,276,-39.0,-18.0,14.0,17.0,-18.0,6.0,5.0,11.0,-34.714285714285715,-27.571428571428573,13.142857142857142,8.285714285714286,-19.714285714285715,8.142857142857142,8.857142857142858,-2.047619047619048
5228,New Mexico,2020-05-20,6317,283,-38.0,-17.0,14.0,24.0,-18.0,7.0,6.0,11.0,-34.42857142857143,-27.142857142857142,13.0,9.142857142857142,-19.0,7.428571428571429,8.142857142857142,-1.6666666666666667
5229,New Mexico,2020-05-21,6472,294,-40.0,-16.0,14.0,34.0,-15.0,11.0,7.0,6.0,-34.142857142857146,-26.714285714285715,13.0,10.428571428571429,-19.0,7.428571428571429,7.428571428571429,-1.0952380952380956
5230,New Mexico,2020-05-22,6625,302,-38.0,-21.0,13.0,33.0,-16.0,8.0,11.0,6.0,-34.0,-26.428571428571427,12.857142857142858,12.0,-19.285714285714285,7.0,7.428571428571429,-0.5238095238095232
5231,New Mexico,2020-05-23,6625,302,-23.0,-30.0,8.0,31.0,-17.0,0.0,8.0,5.0,-33.857142857142854,-26.285714285714285,12.857142857142858,13.142857142857142,-19.571428571428573,6.142857142857143,7.0,-0.0952380952380949
5232,New Mexico,2020-05-24,6943,317,-22.0,-24.0,5.0,48.0,-18.0,15.0,0.0,6.0,-34.0,-26.0,13.0,15.571428571428571,-19.428571428571427,7.428571428571429,6.142857142857143,0.8571428571428571
5233,New Mexico,2020-05-25,7026,320,-68.0,-26.0,18.0,46.0,-23.0,3.0,15.0,7.0,-38.285714285714285,-24.714285714285715,12.714285714285714,18.285714285714285,-19.571428571428573,7.142857142857143,7.428571428571429,2.0952380952380945
5234,New Mexico,2020-05-26,7130,325,-37.0,-18.0,13.0,28.0,-24.0,5.0,3.0,11.0,-38.0,-23.857142857142858,12.571428571428571,18.285714285714285,-20.0,7.0,7.142857142857143,2.3333333333333326
5235,New Mexico,2020-05-27,7252,329,-37.0,-17.0,13.0,28.0,-18.0,4.0,5.0,8.0,-37.857142857142854,-23.0,12.428571428571429,19.285714285714285,-20.428571428571427,6.571428571428571,7.0,2.9047619047619047
5236,New Mexico,2020-05-28,7364,335,-38.0,-17.0,14.0,36.0,-14.0,6.0,4.0,0.0,-37.57142857142857,-22.0,12.142857142857142,20.571428571428573,-20.0,5.857142857142857,6.571428571428571,3.5714285714285716
5237,New Mexico,2020-05-29,7493,344,-34.0,-21.0,13.0,25.0,-18.0,9.0,6.0,15.0,-37.0,-21.285714285714285,12.0,22.714285714285715,-19.0,6.0,5.857142857142857,4.476190476190477
5238,New Mexico,2020-05-30,7624,351,-15.0,-28.0,8.0,16.0,-16.0,7.0,9.0,3.0,-35.857142857142854,-21.142857142857142,11.857142857142858,25.285714285714285,-18.285714285714285,7.0,6.0,5.333333333333333
5239,New Mexico,2020-05-31,7689,356,-14.0,-22.0,6.0,25.0,-15.0,5.0,7.0,5.0,-34.714285714285715,-20.714285714285715,11.571428571428571,29.428571428571427,-17.857142857142858,5.571428571428571,7.0,6.761904761904762
5240,New Mexico,2020-06-01,7800,362,-34.0,-10.0,11.0,16.0,-15.0,6.0,5.0,4.0,-29.857142857142858,-21.714285714285715,12.285714285714286,33.285714285714285,-17.857142857142858,6.0,5.571428571428571,7.952380952380952
5241,New Mexico,2020-06-02,8024,367,-34.0,-7.0,12.0,32.0,-11.0,5.0,6.0,6.0,-29.428571428571427,-21.714285714285715,12.142857142857142,34.857142857142854,-18.714285714285715,6.0,6.0,8.428571428571427
5242,New Mexico,2020-06-03,8140,375,-34.0,-9.0,12.0,31.0,-13.0,8.0,5.0,9.0,-29.0,-21.714285714285715,12.0,35.42857142857143,-18.714285714285715,6.571428571428571,6.0,8.571428571428571
5243,New Mexico,2020-06-04,8353,383,-36.0,-10.0,12.0,39.0,-13.0,8.0,8.0,7.0,-28.714285714285715,-21.857142857142858,12.0,35.714285714285715,-18.571428571428573,6.857142857142857,6.571428571428571,8.619047619047619
5244,New Mexico,2020-06-05,8672,387,-33.0,-15.0,11.0,29.0,-15.0,4.0,8.0,5.0,-28.571428571428573,-21.857142857142858,12.0,34.57142857142857,-18.857142857142858,6.142857142857143,6.857142857142857,8.238095238095237
5245,New Mexico,2020-06-06,8800,392,-15.0,-21.0,6.0,18.0,-15.0,5.0,4.0,6.0,-28.571428571428573,-21.571428571428573,12.0,32.42857142857143,-18.714285714285715,5.857142857142857,6.142857142857143,7.6190476190476195
5246,New Mexico,2020-06-07,8940,396,-12.0,-15.0,4.0,35.0,-12.0,4.0,5.0,5.0,-28.285714285714285,-21.285714285714285,12.142857142857142,29.142857142857142,-18.285714285714285,5.714285714285714,5.857142857142857,6.666666666666667
5247,New Mexico,2020-06-08,9062,400,-34.0,-10.0,10.0,23.0,-16.0,4.0,4.0,8.0,-28.285714285714285,-19.0,11.142857142857142,24.857142857142858,-17.142857142857142,5.428571428571429,5.714285714285714,5.666666666666667
5248,New Mexico,2020-06-09,9105,404,-34.0,-10.0,12.0,29.0,-13.0,4.0,4.0,8.0,-28.285714285714285,-17.428571428571427,11.0,25.428571428571427,-15.285714285714286,5.285714285714286,5.428571428571429,6.333333333333333
5249,New Mexico,2020-06-10,9250,410,-34.0,-9.0,11.0,39.0,-13.0,6.0,4.0,4.0,-28.285714285714285,-16.285714285714285,10.857142857142858,25.857142857142858,-14.571428571428571,5.0,5.285714285714286,6.80952380952381
5250,New Mexico,2020-06-11,9367,420,-35.0,-10.0,12.0,42.0,-10.0,10.0,6.0,5.0,-28.142857142857142,-15.285714285714286,10.571428571428571,26.285714285714285,-14.428571428571429,5.285714285714286,5.0,7.19047619047619
5251,New Mexico,2020-06-12,9526,420,-32.0,-14.0,10.0,31.0,-13.0,0.0,10.0,4.0,-28.0,-14.428571428571429,10.285714285714286,26.857142857142858,-14.0,4.714285714285714,5.285714285714286,7.571428571428572
5252,New Mexico,2020-06-13,9621,431,-12.0,-19.0,5.0,35.0,-9.0,11.0,0.0,4.0,-27.571428571428573,-13.428571428571429,10.0,27.142857142857142,-13.857142857142858,5.571428571428571,4.714285714285714,7.904761904761905
5253,New Mexico,2020-06-14,9723,435,-11.0,-13.0,4.0,42.0,-9.0,4.0,11.0,4.0,-27.428571428571427,-12.428571428571429,9.714285714285714,28.571428571428573,-13.428571428571429,5.571428571428571,5.571428571428571,8.619047619047619
