,CountryOrState,Date,confirmed,deaths,work,retail,residential,parks,transit,dDeaths,dDeaths_1,dDeaths_5,aWork,aRetail,aResidential,aParks,aTransit,adDeaths,adDeaths_1,mob_idx
6055,Oklahoma,2020-04-01,721,30,-40.0,-22.0,14.0,35.0,-13.0,7.0,7.0,1.0,-36.57142857142857,-27.571428571428573,11.428571428571429,14.571428571428571,-11.857142857142858,3.5714285714285716,2.857142857142857,-0.523809523809525
6056,Oklahoma,2020-04-02,881,34,-42.0,-30.0,16.0,16.0,-20.0,4.0,7.0,7.0,-37.142857142857146,-28.857142857142858,11.857142857142858,19.142857142857142,-13.285714285714286,3.857142857142857,3.5714285714285716,0.7142857142857141
6057,Oklahoma,2020-04-03,990,38,-43.0,-37.0,20.0,-37.0,-28.0,4.0,4.0,1.0,-37.857142857142854,-30.0,12.285714285714286,24.142857142857142,-14.857142857142858,4.285714285714286,3.857142857142857,2.1428571428571423
6058,Oklahoma,2020-04-04,1161,42,-32.0,-46.0,14.0,-42.0,-29.0,4.0,4.0,0.0,-38.57142857142857,-30.285714285714285,12.571428571428571,27.285714285714285,-16.428571428571427,3.857142857142857,4.285714285714286,3.19047619047619
6059,Oklahoma,2020-04-05,1254,46,-35.0,-41.0,10.0,-3.0,-30.0,4.0,4.0,7.0,-39.0,-30.0,12.571428571428571,35.142857142857146,-17.285714285714285,4.285714285714286,3.857142857142857,5.904761904761905
6060,Oklahoma,2020-04-06,1329,51,-42.0,-33.0,16.0,2.0,-25.0,5.0,4.0,7.0,-39.285714285714285,-31.285714285714285,13.142857142857142,31.142857142857142,-18.857142857142858,5.0,4.285714285714286,4.333333333333333
6061,Oklahoma,2020-04-07,1474,67,-43.0,-31.0,16.0,50.0,-19.0,16.0,5.0,4.0,-39.57142857142857,-31.857142857142858,13.428571428571429,28.285714285714285,-19.714285714285715,6.285714285714286,5.0,3.2857142857142847
6062,Oklahoma,2020-04-08,1526,79,-43.0,-27.0,14.0,59.0,-14.0,12.0,16.0,4.0,-40.0,-32.0,13.714285714285714,22.857142857142858,-20.285714285714285,7.0,6.285714285714286,1.5238095238095244
6063,Oklahoma,2020-04-09,1686,80,-44.0,-29.0,16.0,29.0,-20.0,1.0,12.0,4.0,-40.285714285714285,-32.142857142857146,14.0,17.0,-20.857142857142858,6.571428571428571,7.0,-0.380952380952382
6064,Oklahoma,2020-04-10,1794,88,-47.0,-30.0,18.0,33.0,-24.0,8.0,1.0,4.0,-40.857142857142854,-32.57142857142857,14.571428571428571,8.285714285714286,-21.714285714285715,7.142857142857143,6.571428571428571,-3.2380952380952377
6065,Oklahoma,2020-04-11,1868,94,-32.0,-38.0,12.0,-8.0,-27.0,6.0,8.0,5.0,-40.857142857142854,-33.857142857142854,15.0,0.42857142857142855,-23.0,7.428571428571429,7.142857142857143,-6.142857142857142
6066,Oklahoma,2020-04-12,1970,96,-40.0,-54.0,11.0,-41.0,-37.0,2.0,6.0,16.0,-41.57142857142857,-34.57142857142857,15.142857142857142,-4.142857142857143,-24.0,7.142857142857143,7.428571428571429,-7.857142857142857
6067,Oklahoma,2020-04-13,2069,99,-42.0,-34.0,18.0,-33.0,-28.0,3.0,2.0,12.0,-41.57142857142857,-34.0,15.0,0.2857142857142857,-23.571428571428573,6.857142857142857,7.142857142857143,-6.238095238095238
6068,Oklahoma,2020-04-14,2184,108,-42.0,-33.0,18.0,-10.0,-25.0,9.0,3.0,1.0,-41.42857142857143,-34.285714285714285,15.142857142857142,3.0,-23.428571428571427,5.857142857142857,6.857142857142857,-5.3809523809523805
6069,Oklahoma,2020-04-15,2263,123,-40.0,-15.0,14.0,35.0,-14.0,15.0,9.0,8.0,-41.0,-35.0,15.142857142857142,6.428571428571429,-23.571428571428573,6.285714285714286,5.857142857142857,-4.476190476190476
6070,Oklahoma,2020-04-16,2357,131,-41.0,-20.0,15.0,32.0,-16.0,8.0,15.0,6.0,-40.57142857142857,-34.857142857142854,15.142857142857142,8.285714285714286,-23.571428571428573,7.285714285714286,6.285714285714286,-3.8095238095238084
6071,Oklahoma,2020-04-17,2465,136,-41.0,-30.0,18.0,-13.0,-22.0,5.0,8.0,2.0,-39.714285714285715,-33.857142857142854,14.857142857142858,18.285714285714285,-23.0,6.857142857142857,7.285714285714286,-0.23809523809523725
6072,Oklahoma,2020-04-18,2465,136,-26.0,-30.0,10.0,19.0,-17.0,0.0,5.0,3.0,-38.857142857142854,-32.714285714285715,14.571428571428571,23.142857142857142,-22.714285714285715,6.0,6.857142857142857,1.6666666666666654
6073,Oklahoma,2020-04-19,2567,140,-32.0,-31.0,9.0,2.0,-25.0,4.0,0.0,9.0,-37.714285714285715,-34.57142857142857,14.714285714285714,17.714285714285715,-23.714285714285715,6.285714285714286,6.0,-0.714285714285713
6074,Oklahoma,2020-04-20,2680,143,-40.0,-20.0,14.0,27.0,-18.0,3.0,4.0,15.0,-37.42857142857143,-34.714285714285715,15.0,12.714285714285714,-24.142857142857142,6.285714285714286,6.285714285714286,-2.333333333333334
6075,Oklahoma,2020-04-21,2807,164,-40.0,-21.0,14.0,59.0,-16.0,21.0,3.0,8.0,-37.142857142857146,-35.0,15.285714285714286,4.142857142857143,-25.0,8.0,6.285714285714286,-5.190476190476191
6076,Oklahoma,2020-04-22,2894,170,-42.0,-28.0,17.0,-15.0,-21.0,6.0,21.0,5.0,-37.42857142857143,-33.285714285714285,15.285714285714286,0.7142857142857143,-25.0,6.714285714285714,8.0,-5.761904761904762
6077,Oklahoma,2020-04-23,3017,179,-40.0,-17.0,14.0,59.0,-15.0,9.0,6.0,0.0,-37.285714285714285,-32.0,15.142857142857142,1.1428571428571428,-24.428571428571427,6.857142857142857,6.714285714285714,-5.238095238095238
6078,Oklahoma,2020-04-24,3121,188,-39.0,-24.0,16.0,24.0,-18.0,9.0,9.0,4.0,-37.0,-32.0,15.142857142857142,-5.428571428571429,-24.142857142857142,7.428571428571429,6.857142857142857,-7.428571428571428
6079,Oklahoma,2020-04-25,3194,194,-25.0,-25.0,8.0,55.0,-10.0,6.0,9.0,3.0,-36.857142857142854,-30.857142857142858,14.857142857142858,-1.5714285714285714,-22.714285714285715,8.285714285714286,7.428571428571429,-5.857142857142858
6080,Oklahoma,2020-04-26,3254,195,-30.0,-22.0,6.0,63.0,-14.0,1.0,6.0,21.0,-36.57142857142857,-27.571428571428573,14.571428571428571,4.571428571428571,-21.0,7.857142857142857,8.285714285714286,-2.80952380952381
6081,Oklahoma,2020-04-27,3281,197,-38.0,-17.0,14.0,16.0,-16.0,2.0,1.0,6.0,-36.285714285714285,-25.571428571428573,14.0,13.142857142857142,-19.571428571428573,7.714285714285714,7.857142857142857,0.5238095238095232
6082,Oklahoma,2020-04-28,3410,207,-39.0,-20.0,9.0,25.0,-15.0,10.0,2.0,9.0,-36.142857142857146,-23.857142857142858,13.428571428571429,23.0,-18.285714285714285,6.142857142857143,7.714285714285714,4.190476190476191
6083,Oklahoma,2020-04-29,3473,214,-37.0,-9.0,12.0,54.0,-7.0,7.0,10.0,9.0,-35.42857142857143,-25.714285714285715,13.857142857142858,15.857142857142858,-19.285714285714285,6.285714285714286,6.142857142857143,1.3333333333333333
6084,Oklahoma,2020-04-30,3618,222,-38.0,-10.0,12.0,68.0,-9.0,8.0,7.0,6.0,-35.142857142857146,-25.285714285714285,13.714285714285714,19.714285714285715,-19.142857142857142,6.142857142857143,6.285714285714286,2.714285714285715
6085,Oklahoma,2020-05-01,3748,230,-36.0,-10.0,12.0,61.0,-7.0,8.0,8.0,1.0,-34.714285714285715,-24.428571428571427,13.428571428571429,25.0,-18.571428571428573,6.0,6.142857142857143,4.666666666666667
6086,Oklahoma,2020-05-02,3851,238,-20.0,-16.0,5.0,73.0,-1.0,8.0,8.0,2.0,-34.0,-23.714285714285715,13.142857142857142,30.142857142857142,-17.571428571428573,6.285714285714286,6.0,6.523809523809523
6087,Oklahoma,2020-05-03,3972,238,-23.0,-14.0,5.0,47.0,-10.0,0.0,8.0,10.0,-33.0,-22.428571428571427,12.714285714285714,38.857142857142854,-16.0,6.142857142857143,6.285714285714286,9.714285714285714
6088,Oklahoma,2020-05-04,4044,238,-35.0,-7.0,12.0,20.0,-10.0,0.0,0.0,7.0,-32.57142857142857,-22.0,12.714285714285714,37.285714285714285,-15.714285714285714,5.857142857142857,6.142857142857143,9.333333333333334
6089,Oklahoma,2020-05-05,4127,247,-34.0,-4.0,11.0,61.0,-7.0,9.0,0.0,8.0,-31.857142857142858,-21.857142857142858,12.0,32.42857142857143,-15.571428571428571,5.714285714285714,5.857142857142857,7.523809523809525
6090,Oklahoma,2020-05-06,4202,253,-33.0,-3.0,10.0,78.0,-4.0,6.0,9.0,8.0,-31.285714285714285,-19.142857142857142,11.285714285714286,42.285714285714285,-13.571428571428571,5.571428571428571,5.714285714285714,11.476190476190476
6091,Oklahoma,2020-05-07,4330,260,-35.0,-8.0,12.0,39.0,-9.0,7.0,6.0,8.0,-30.857142857142858,-18.142857142857142,11.0,43.57142857142857,-12.714285714285714,5.428571428571429,5.571428571428571,12.142857142857144
6092,Oklahoma,2020-05-08,4424,266,-34.0,-10.0,12.0,36.0,-7.0,6.0,7.0,0.0,-30.571428571428573,-16.142857142857142,10.428571428571429,48.857142857142854,-11.142857142857142,5.142857142857143,5.428571428571429,14.38095238095238
6093,Oklahoma,2020-05-09,4490,270,-17.0,-10.0,4.0,63.0,1.0,4.0,6.0,0.0,-30.142857142857142,-14.857142857142858,10.0,51.42857142857143,-9.857142857142858,4.571428571428571,5.142857142857143,15.523809523809524
6094,Oklahoma,2020-05-10,4589,272,-19.0,-7.0,3.0,40.0,-6.0,2.0,4.0,9.0,-29.571428571428573,-13.714285714285714,9.857142857142858,49.142857142857146,-9.285714285714286,4.857142857142857,4.571428571428571,15.095238095238097
6095,Oklahoma,2020-05-11,4613,274,-33.0,-11.0,12.0,2.0,-10.0,2.0,2.0,6.0,-29.285714285714285,-12.285714285714286,9.571428571428571,49.714285714285715,-8.428571428571429,5.142857142857143,4.857142857142857,15.666666666666666
6096,Oklahoma,2020-05-12,4732,278,-34.0,-12.0,13.0,0.0,-13.0,4.0,2.0,7.0,-29.285714285714285,-10.0,9.857142857142858,54.857142857142854,-7.285714285714286,4.428571428571429,5.142857142857143,18.238095238095237
6097,Oklahoma,2020-05-13,4858,278,-32.0,-4.0,10.0,41.0,-4.0,0.0,4.0,6.0,-29.142857142857142,-9.142857142857142,9.571428571428571,58.285714285714285,-6.857142857142857,3.5714285714285716,4.428571428571429,19.571428571428573
6098,Oklahoma,2020-05-14,4963,284,-32.0,-5.0,10.0,63.0,-4.0,6.0,0.0,4.0,-28.714285714285715,-8.857142857142858,9.571428571428571,54.142857142857146,-6.857142857142857,3.4285714285714284,3.5714285714285716,18.28571428571429
6099,Oklahoma,2020-05-15,5087,285,-33.0,-15.0,13.0,8.0,-11.0,1.0,6.0,2.0,-28.571428571428573,-8.857142857142858,9.571428571428571,50.57142857142857,-6.857142857142857,2.7142857142857144,3.4285714285714284,17.095238095238095
6100,Oklahoma,2020-05-16,5237,288,-16.0,-13.0,6.0,24.0,-4.0,3.0,1.0,2.0,-28.428571428571427,-8.0,9.428571428571429,49.142857142857146,-6.571428571428571,2.5714285714285716,2.7142857142857144,16.857142857142858
6101,Oklahoma,2020-05-17,5310,288,-16.0,-5.0,3.0,82.0,0.0,0.0,3.0,4.0,-28.0,-7.0,9.142857142857142,48.142857142857146,-6.0,2.2857142857142856,2.5714285714285716,16.761904761904763
6102,Oklahoma,2020-05-18,5398,288,-31.0,-1.0,9.0,60.0,-3.0,0.0,0.0,0.0,-27.714285714285715,-7.571428571428571,9.142857142857142,45.57142857142857,-6.0,2.0,2.2857142857142856,15.714285714285714
6103,Oklahoma,2020-05-19,5489,293,-31.0,0.0,9.0,91.0,-1.0,5.0,0.0,6.0,-27.285714285714285,-8.714285714285714,9.428571428571429,36.857142857142854,-6.857142857142857,2.142857142857143,2.0,12.523809523809524
6104,Oklahoma,2020-05-20,5532,299,-30.0,4.0,8.0,100.0,6.0,6.0,5.0,1.0,-27.0,-8.857142857142858,9.428571428571429,31.571428571428573,-6.857142857142857,3.0,2.142857142857143,10.714285714285715
6105,Oklahoma,2020-05-21,5680,304,-32.0,-1.0,9.0,68.0,1.0,5.0,6.0,3.0,-27.0,-8.428571428571429,9.142857142857142,35.0,-6.142857142857143,2.857142857142857,3.0,11.904761904761905
6106,Oklahoma,2020-05-22,5849,307,-34.0,-6.0,10.0,76.0,3.0,3.0,5.0,0.0,-27.142857142857142,-9.142857142857142,9.285714285714286,31.0,-6.714285714285714,3.142857142857143,2.857142857142857,10.380952380952381
6107,Oklahoma,2020-05-23,5960,311,-16.0,-11.0,3.0,110.0,11.0,4.0,3.0,0.0,-27.142857142857142,-9.571428571428571,9.571428571428571,25.428571428571427,-7.428571428571429,3.2857142857142856,3.142857142857143,8.476190476190476
6108,Oklahoma,2020-05-24,6037,311,-19.0,-5.0,2.0,103.0,1.0,0.0,4.0,5.0,-27.571428571428573,-9.285714285714286,9.571428571428571,31.428571428571427,-6.571428571428571,3.2857142857142856,3.2857142857142856,10.571428571428571
6109,Oklahoma,2020-05-25,6090,313,-69.0,-17.0,20.0,24.0,-16.0,2.0,0.0,6.0,-33.0,-7.857142857142857,9.142857142857142,39.714285714285715,-5.571428571428571,3.5714285714285716,3.2857142857142856,13.666666666666666
6110,Oklahoma,2020-05-26,6138,318,-31.0,-4.0,9.0,55.0,-7.0,5.0,2.0,5.0,-33.0,-6.142857142857143,8.571428571428571,52.714285714285715,-3.857142857142857,3.5714285714285716,3.5714285714285716,18.380952380952383
6111,Oklahoma,2020-05-27,6229,322,-29.0,0.0,8.0,67.0,1.0,4.0,5.0,3.0,-32.857142857142854,-5.0,8.285714285714286,61.142857142857146,-2.4285714285714284,3.2857142857142856,3.5714285714285716,21.476190476190478
6112,Oklahoma,2020-05-28,6273,325,-29.0,0.0,9.0,58.0,0.0,3.0,4.0,4.0,-32.42857142857143,-4.428571428571429,8.142857142857142,61.857142857142854,-1.7142857142857142,3.0,3.2857142857142856,21.857142857142858
6113,Oklahoma,2020-05-29,6338,329,-28.0,-3.0,8.0,90.0,3.0,4.0,3.0,0.0,-31.571428571428573,-3.142857142857143,7.714285714285714,71.57142857142857,0.2857142857142857,3.142857142857143,3.0,25.38095238095238
6114,Oklahoma,2020-05-30,6418,334,-6.0,-7.0,2.0,110.0,13.0,5.0,4.0,2.0,-30.142857142857142,-2.857142857142857,7.285714285714286,83.85714285714286,2.4285714285714284,3.2857142857142856,3.142857142857143,29.42857142857143
6115,Oklahoma,2020-05-31,6418,334,-9.0,-1.0,1.0,97.0,11.0,0.0,5.0,5.0,-28.714285714285715,-2.857142857142857,7.142857142857143,86.85714285714286,2.5714285714285716,3.2857142857142856,3.2857142857142856,30.380952380952383
6116,Oklahoma,2020-06-01,6573,334,-28.0,3.0,7.0,62.0,2.0,0.0,0.0,4.0,-22.857142857142858,-5.142857142857143,8.714285714285714,81.71428571428571,0.7142857142857143,3.0,3.2857142857142856,28.428571428571427
6117,Oklahoma,2020-06-02,6692,339,-28.0,2.0,7.0,91.0,2.0,5.0,0.0,3.0,-22.428571428571427,-5.714285714285714,8.714285714285714,76.57142857142857,-0.14285714285714285,3.0,3.0,26.523809523809522
6118,Oklahoma,2020-06-03,6805,341,-27.0,8.0,6.0,95.0,7.0,2.0,5.0,4.0,-22.142857142857142,-6.285714285714286,8.714285714285714,71.85714285714286,-0.8571428571428571,2.7142857142857144,3.0,24.761904761904763
6119,Oklahoma,2020-06-04,6907,344,-29.0,3.0,7.0,80.0,3.0,3.0,2.0,5.0,-22.142857142857142,-6.142857142857143,8.714285714285714,70.42857142857143,-1.0,2.7142857142857144,2.7142857142857144,24.333333333333332
6120,Oklahoma,2020-06-05,7007,345,-28.0,-2.0,7.0,87.0,4.0,1.0,3.0,0.0,-22.142857142857142,-5.714285714285714,8.428571428571429,72.42857142857143,-1.0,2.2857142857142856,2.7142857142857144,25.047619047619047
6121,Oklahoma,2020-06-06,7059,347,-9.0,-7.0,1.0,110.0,11.0,2.0,1.0,0.0,-22.571428571428573,-5.142857142857143,8.285714285714286,72.42857142857143,-0.7142857142857143,1.8571428571428572,2.2857142857142856,25.19047619047619
6122,Oklahoma,2020-06-07,7150,348,-12.0,-1.0,1.0,89.0,7.0,1.0,2.0,5.0,-23.0,-4.571428571428571,8.142857142857142,71.57142857142857,0.7142857142857143,2.0,1.8571428571428572,25.047619047619047
6123,Oklahoma,2020-06-08,7205,348,-28.0,0.0,7.0,59.0,1.0,0.0,1.0,2.0,-23.0,-1.7142857142857142,6.285714285714286,77.0,3.2857142857142856,2.0,2.0,27.19047619047619
6124,Oklahoma,2020-06-09,7363,354,-28.0,1.0,7.0,77.0,-2.0,6.0,0.0,3.0,-23.0,-0.8571428571428571,6.0,82.14285714285714,4.571428571428571,2.142857142857143,2.0,29.09523809523809
6125,Oklahoma,2020-06-10,7483,356,-27.0,7.0,6.0,104.0,7.0,2.0,6.0,1.0,-23.0,0.2857142857142857,5.714285714285714,86.14285714285714,5.428571428571429,2.142857142857143,2.142857142857143,30.71428571428571
6126,Oklahoma,2020-06-11,7626,358,-28.0,3.0,6.0,110.0,5.0,2.0,2.0,2.0,-22.857142857142858,0.7142857142857143,5.428571428571429,89.28571428571429,5.857142857142857,2.0,2.142857142857143,31.80952380952381
6127,Oklahoma,2020-06-12,7849,360,-28.0,-3.0,7.0,102.0,4.0,2.0,2.0,1.0,-22.857142857142858,0.8571428571428571,5.285714285714286,88.85714285714286,6.0,2.142857142857143,2.0,31.666666666666668
6128,Oklahoma,2020-06-13,8073,359,-8.0,-7.0,1.0,120.0,11.0,-1.0,2.0,0.0,-22.714285714285715,0.8571428571428571,5.142857142857143,88.85714285714286,5.714285714285714,1.7142857142857142,2.142857142857143,31.61904761904762
6129,Oklahoma,2020-06-14,8231,359,-9.0,-2.0,1.0,97.0,10.0,0.0,-1.0,6.0,-22.285714285714285,0.8571428571428571,5.142857142857143,87.71428571428571,5.142857142857143,1.5714285714285714,1.7142857142857142,31.238095238095237
