,CountryOrState,Date,confirmed,deaths,work,retail,residential,parks,transit,dDeaths,dDeaths_1,dDeaths_5,aWork,aRetail,aResidential,aParks,aTransit,adDeaths,adDeaths_1,mob_idx
1664,Florida,2020-03-21,763,13,-26.0,-39.0,11.0,-33.0,-42.0,2.0,2.0,0.0,-22.571428571428573,2.857142857142857,0.7142857142857143,10.714285714285714,-2.857142857142857,1.5714285714285714,1.2857142857142858,4.761904761904762
1665,Florida,2020-03-22,1004,13,-33.0,-43.0,11.0,-33.0,-49.0,0.0,2.0,2.0,-26.428571428571427,1.0,1.0,12.571428571428571,-4.857142857142857,1.4285714285714286,1.5714285714285714,4.857142857142857
1666,Florida,2020-03-23,1227,18,-36.0,-37.0,15.0,-33.0,-46.0,5.0,0.0,2.0,-29.0,-0.5714285714285714,1.8571428571428572,11.714285714285714,-7.0,2.142857142857143,1.4285714285714286,4.333333333333333
1667,Florida,2020-03-24,1412,18,-39.0,-38.0,16.0,-33.0,-46.0,0.0,5.0,2.0,-31.428571428571427,-2.857142857142857,3.0,10.285714285714286,-9.714285714285714,1.8571428571428572,2.142857142857143,3.4761904761904763
1668,Florida,2020-03-25,1682,23,-40.0,-38.0,17.0,-33.0,-48.0,5.0,0.0,2.0,-33.42857142857143,-6.428571428571429,4.428571428571429,7.428571428571429,-13.285714285714286,2.2857142857142856,1.8571428571428572,1.8095238095238095
1669,Florida,2020-03-26,2357,29,-42.0,-40.0,18.0,-34.0,-51.0,6.0,5.0,2.0,-35.285714285714285,-10.428571428571429,6.142857142857143,4.0,-17.714285714285715,2.857142857142857,2.2857142857142856,-0.09523809523809519
1670,Florida,2020-03-27,2900,35,-43.0,-44.0,20.0,-38.0,-55.0,6.0,6.0,0.0,-37.0,-14.714285714285714,7.857142857142857,-0.14285714285714285,-22.0,3.4285714285714284,2.857142857142857,-2.3333333333333335
1671,Florida,2020-03-28,3763,54,-36.0,-49.0,14.0,-48.0,-59.0,19.0,6.0,5.0,-38.42857142857143,-19.428571428571427,9.142857142857142,-6.0,-26.571428571428573,5.857142857142857,3.4285714285714284,-5.428571428571428
1672,Florida,2020-03-29,4246,56,-41.0,-50.0,13.0,-48.0,-63.0,2.0,19.0,0.0,-39.57142857142857,-24.285714285714285,10.285714285714286,-12.428571428571429,-31.714285714285715,6.142857142857143,5.857142857142857,-8.809523809523808
1673,Florida,2020-03-30,5473,63,-43.0,-42.0,17.0,-42.0,-55.0,7.0,2.0,5.0,-40.57142857142857,-28.714285714285715,11.571428571428571,-17.142857142857142,-36.0,6.428571428571429,6.142857142857143,-11.42857142857143
1674,Florida,2020-03-31,6741,85,-45.0,-42.0,19.0,-46.0,-52.0,22.0,7.0,6.0,-41.42857142857143,-32.57142857142857,12.714285714285714,-22.0,-40.0,9.571428571428571,6.428571428571429,-13.95238095238095
1675,Florida,2020-04-01,6956,87,-45.0,-37.0,18.0,-41.0,-53.0,2.0,22.0,6.0,-42.142857142857146,-35.285714285714285,13.714285714285714,-26.714285714285715,-43.142857142857146,9.142857142857142,9.571428571428571,-16.095238095238095
1676,Florida,2020-04-02,9008,164,-46.0,-39.0,19.0,-42.0,-55.0,77.0,2.0,19.0,-42.714285714285715,-37.714285714285715,14.571428571428571,-30.571428571428573,-45.714285714285715,19.285714285714285,9.142857142857142,-17.90476190476191
1677,Florida,2020-04-03,10268,170,-48.0,-47.0,22.0,-49.0,-59.0,6.0,77.0,2.0,-43.42857142857143,-39.857142857142854,15.428571428571429,-33.857142857142854,-48.142857142857146,19.285714285714285,19.285714285714285,-19.428571428571427
1678,Florida,2020-04-04,11537,195,-40.0,-53.0,16.0,-57.0,-64.0,25.0,6.0,7.0,-44.0,-41.285714285714285,15.857142857142858,-36.0,-50.57142857142857,20.142857142857142,19.285714285714285,-20.476190476190478
1679,Florida,2020-04-05,12350,221,-45.0,-57.0,15.0,-70.0,-70.0,26.0,25.0,22.0,-44.57142857142857,-42.285714285714285,16.142857142857142,-38.142857142857146,-52.57142857142857,23.571428571428573,20.142857142857142,-21.42857142857143
1680,Florida,2020-04-06,13324,236,-48.0,-47.0,19.0,-50.0,-59.0,15.0,26.0,2.0,-45.285714285714285,-43.0,16.428571428571427,-39.42857142857143,-53.857142857142854,24.714285714285715,23.571428571428573,-22.0
1681,Florida,2020-04-07,14545,283,-49.0,-46.0,20.0,-46.0,-56.0,47.0,15.0,77.0,-45.857142857142854,-43.57142857142857,16.857142857142858,-41.285714285714285,-54.714285714285715,28.285714285714285,24.714285714285715,-22.666666666666668
1682,Florida,2020-04-08,15456,309,-49.0,-46.0,20.0,-45.0,-57.0,26.0,47.0,6.0,-46.42857142857143,-43.42857142857143,17.0,-42.42857142857143,-55.42857142857143,31.714285714285715,28.285714285714285,-22.952380952380953
1683,Florida,2020-04-09,16364,354,-50.0,-46.0,21.0,-46.0,-58.0,45.0,26.0,25.0,-47.0,-43.285714285714285,17.142857142857142,-43.57142857142857,-56.0,27.142857142857142,31.714285714285715,-23.238095238095237
1684,Florida,2020-04-10,17531,390,-53.0,-47.0,23.0,-48.0,-61.0,36.0,45.0,26.0,-47.714285714285715,-43.714285714285715,17.428571428571427,-45.142857142857146,-56.57142857142857,31.428571428571427,27.142857142857142,-23.80952380952381
1685,Florida,2020-04-11,18494,438,-40.0,-49.0,15.0,-54.0,-65.0,48.0,36.0,15.0,-47.714285714285715,-44.285714285714285,17.714285714285715,-46.42857142857143,-57.285714285714285,34.714285714285715,31.428571428571427,-24.333333333333332
1686,Florida,2020-04-12,19895,461,-50.0,-66.0,15.0,-63.0,-69.0,23.0,48.0,47.0,-48.42857142857143,-45.285714285714285,18.0,-49.57142857142857,-58.285714285714285,34.285714285714285,34.714285714285715,-25.61904761904762
1687,Florida,2020-04-13,21019,499,-47.0,-47.0,19.0,-53.0,-59.0,38.0,23.0,26.0,-48.285714285714285,-46.0,18.285714285714285,-50.714285714285715,-58.857142857142854,37.57142857142857,34.285714285714285,-26.142857142857142
1688,Florida,2020-04-14,21628,571,-48.0,-46.0,20.0,-52.0,-56.0,72.0,38.0,45.0,-48.142857142857146,-46.57142857142857,18.428571428571427,-50.714285714285715,-59.42857142857143,41.142857142857146,37.57142857142857,-26.28571428571429
1689,Florida,2020-04-15,22511,596,-47.0,-42.0,20.0,-53.0,-56.0,25.0,72.0,36.0,-47.857142857142854,-47.857142857142854,18.714285714285715,-51.285714285714285,-60.0,41.0,41.142857142857146,-26.809523809523807
1690,Florida,2020-04-16,23343,668,-48.0,-44.0,21.0,-56.0,-57.0,72.0,25.0,48.0,-47.57142857142857,-48.857142857142854,19.0,-51.857142857142854,-60.42857142857143,44.857142857142854,41.0,-27.238095238095237
1691,Florida,2020-04-17,24759,725,-47.0,-44.0,21.0,-47.0,-58.0,57.0,72.0,23.0,-46.714285714285715,-48.857142857142854,19.142857142857142,-51.714285714285715,-60.714285714285715,47.857142857142854,44.857142857142854,-27.142857142857142
1692,Florida,2020-04-18,25492,748,-38.0,-49.0,15.0,-60.0,-62.0,23.0,57.0,38.0,-46.42857142857143,-48.285714285714285,19.0,-51.285714285714285,-60.857142857142854,44.285714285714285,47.857142857142854,-26.857142857142858
1693,Florida,2020-04-19,26314,774,-40.0,-48.0,13.0,-52.0,-64.0,26.0,23.0,72.0,-45.0,-49.57142857142857,19.0,-50.285714285714285,-60.714285714285715,44.714285714285715,44.285714285714285,-26.952380952380953
1694,Florida,2020-04-20,27059,822,-46.0,-44.0,19.0,-54.0,-58.0,48.0,26.0,25.0,-44.857142857142854,-49.57142857142857,19.0,-50.714285714285715,-60.714285714285715,46.142857142857146,44.714285714285715,-27.09523809523809
1695,Florida,2020-04-21,27869,867,-46.0,-41.0,19.0,-43.0,-53.0,45.0,48.0,72.0,-44.57142857142857,-49.57142857142857,19.0,-51.57142857142857,-60.714285714285715,42.285714285714285,46.142857142857146,-27.38095238095238
1696,Florida,2020-04-22,28309,893,-46.0,-41.0,19.0,-40.0,-54.0,26.0,45.0,57.0,-44.42857142857143,-49.0,19.0,-52.714285714285715,-60.57142857142857,42.42857142857143,42.285714285714285,-27.571428571428573
1697,Florida,2020-04-23,29648,987,-47.0,-43.0,20.0,-47.0,-55.0,94.0,26.0,23.0,-44.285714285714285,-48.714285714285715,19.0,-54.142857142857146,-60.42857142857143,45.57142857142857,42.42857142857143,-27.952380952380953
1698,Florida,2020-04-24,30533,1046,-47.0,-47.0,23.0,-60.0,-60.0,59.0,94.0,26.0,-44.285714285714285,-48.285714285714285,18.714285714285715,-54.0,-60.0,45.857142857142854,45.57142857142857,-27.857142857142858
1699,Florida,2020-04-25,30839,1055,-36.0,-45.0,13.0,-52.0,-59.0,9.0,59.0,48.0,-44.0,-48.285714285714285,18.714285714285715,-54.857142857142854,-59.57142857142857,43.857142857142854,45.857142857142854,-28.14285714285714
1700,Florida,2020-04-26,31532,1075,-40.0,-47.0,12.0,-52.0,-63.0,20.0,9.0,45.0,-44.0,-45.714285714285715,18.428571428571427,-53.285714285714285,-58.857142857142854,43.0,43.857142857142854,-26.857142857142858
1701,Florida,2020-04-27,32138,1088,-44.0,-38.0,17.0,-39.0,-54.0,13.0,20.0,26.0,-43.714285714285715,-45.285714285714285,18.428571428571427,-53.42857142857143,-58.714285714285715,38.0,43.0,-26.761904761904763
1702,Florida,2020-04-28,32848,1171,-45.0,-38.0,13.0,-39.0,-50.0,83.0,13.0,94.0,-43.57142857142857,-44.57142857142857,18.285714285714285,-52.142857142857146,-58.285714285714285,43.42857142857143,38.0,-26.142857142857142
1703,Florida,2020-04-29,33193,1218,-45.0,-38.0,18.0,-36.0,-51.0,47.0,83.0,59.0,-43.42857142857143,-44.42857142857143,18.142857142857142,-50.285714285714285,-58.0,46.42857142857143,43.42857142857143,-25.523809523809522
1704,Florida,2020-04-30,33690,1268,-46.0,-40.0,19.0,-47.0,-53.0,50.0,47.0,9.0,-43.285714285714285,-44.285714285714285,18.0,-49.0,-57.714285714285715,40.142857142857146,46.42857142857143,-25.09523809523809
1705,Florida,2020-05-01,34728,1314,-43.0,-36.0,18.0,-27.0,-51.0,46.0,50.0,20.0,-42.714285714285715,-44.714285714285715,18.285714285714285,-50.857142857142854,-58.0,38.285714285714285,40.142857142857146,-25.76190476190476
1706,Florida,2020-05-02,35463,1364,-32.0,-40.0,11.0,-31.0,-53.0,50.0,46.0,13.0,-42.142857142857146,-44.142857142857146,18.0,-49.714285714285715,-57.57142857142857,44.142857142857146,38.285714285714285,-25.28571428571429
1707,Florida,2020-05-03,36078,1379,-35.0,-40.0,10.0,-30.0,-58.0,15.0,50.0,83.0,-41.42857142857143,-44.0,17.857142857142858,-49.714285714285715,-57.42857142857143,43.42857142857143,44.142857142857146,-25.28571428571429
1708,Florida,2020-05-04,36897,1399,-41.0,-32.0,15.0,-30.0,-50.0,20.0,15.0,47.0,-41.0,-43.142857142857146,17.571428571428573,-47.57142857142857,-56.857142857142854,44.42857142857143,43.42857142857143,-24.38095238095238
1709,Florida,2020-05-05,37439,1471,-41.0,-31.0,16.0,-29.0,-48.0,72.0,20.0,50.0,-40.42857142857143,-42.714285714285715,16.714285714285715,-47.0,-56.42857142857143,42.857142857142854,44.42857142857143,-24.333333333333332
1710,Florida,2020-05-06,38002,1539,-41.0,-33.0,16.0,-26.0,-49.0,68.0,72.0,46.0,-39.857142857142854,-42.285714285714285,16.571428571428573,-46.42857142857143,-56.0,45.857142857142854,42.857142857142854,-24.047619047619047
1711,Florida,2020-05-07,38828,1600,-41.0,-33.0,16.0,-23.0,-48.0,61.0,68.0,50.0,-39.142857142857146,-41.857142857142854,16.428571428571427,-46.42857142857143,-55.714285714285715,47.42857142857143,45.857142857142854,-23.952380952380953
1712,Florida,2020-05-08,39199,1669,-40.0,-33.0,17.0,-20.0,-48.0,69.0,61.0,15.0,-38.714285714285715,-40.285714285714285,15.714285714285714,-41.714285714285715,-54.42857142857143,50.714285714285715,47.42857142857143,-22.09523809523809
1713,Florida,2020-05-09,40001,1715,-28.0,-33.0,9.0,-26.0,-49.0,46.0,69.0,20.0,-38.142857142857146,-39.57142857142857,15.428571428571429,-38.714285714285715,-53.57142857142857,50.142857142857146,50.714285714285715,-20.952380952380953
1714,Florida,2020-05-10,40596,1721,-31.0,-35.0,9.0,-51.0,-56.0,6.0,46.0,72.0,-37.57142857142857,-38.57142857142857,15.142857142857142,-35.57142857142857,-52.857142857142854,48.857142857142854,50.142857142857146,-19.666666666666668
1715,Florida,2020-05-11,40982,1735,-39.0,-31.0,14.0,-28.0,-48.0,14.0,6.0,68.0,-37.285714285714285,-37.714285714285715,14.857142857142858,-34.285714285714285,-52.285714285714285,48.0,48.857142857142854,-19.047619047619047
1716,Florida,2020-05-12,41923,1779,-39.0,-30.0,15.0,-24.0,-45.0,44.0,14.0,61.0,-37.0,-36.714285714285715,15.285714285714286,-32.857142857142854,-52.0,44.0,48.0,-18.095238095238095
1717,Florida,2020-05-13,42402,1827,-39.0,-29.0,15.0,-21.0,-47.0,48.0,44.0,69.0,-36.714285714285715,-36.0,15.0,-31.428571428571427,-51.714285714285715,41.142857142857146,44.0,-17.476190476190478
1718,Florida,2020-05-14,43210,1875,-39.0,-31.0,13.0,-29.0,-48.0,48.0,48.0,46.0,-36.42857142857143,-35.0,14.571428571428571,-28.0,-51.0,39.285714285714285,41.142857142857146,-16.142857142857142
1719,Florida,2020-05-15,44138,1917,-39.0,-33.0,17.0,-34.0,-50.0,42.0,48.0,6.0,-36.285714285714285,-34.57142857142857,14.428571428571429,-27.0,-50.57142857142857,35.42857142857143,39.285714285714285,-15.714285714285714
1720,Florida,2020-05-16,44811,1964,-26.0,-32.0,9.0,-28.0,-50.0,47.0,42.0,14.0,-36.0,-33.57142857142857,14.142857142857142,-26.285714285714285,-50.0,35.57142857142857,35.42857142857143,-15.238095238095235
1721,Florida,2020-05-17,45588,1973,-28.0,-33.0,9.0,-20.0,-53.0,9.0,47.0,44.0,-35.57142857142857,-32.857142857142854,14.0,-29.285714285714285,-49.714285714285715,36.0,35.57142857142857,-16.047619047619047
1722,Florida,2020-05-18,46442,1997,-37.0,-31.0,14.0,-42.0,-50.0,24.0,9.0,48.0,-35.285714285714285,-32.714285714285715,13.857142857142858,-29.0,-49.42857142857143,37.42857142857143,36.0,-15.952380952380954
1723,Florida,2020-05-19,46944,2052,-37.0,-26.0,14.0,-27.0,-46.0,55.0,24.0,48.0,-35.0,-32.57142857142857,13.714285714285714,-28.285714285714285,-49.0,39.0,37.42857142857143,-15.714285714285714
1724,Florida,2020-05-20,47471,2096,-37.0,-25.0,14.0,-20.0,-45.0,44.0,55.0,42.0,-34.714285714285715,-32.0,13.571428571428571,-27.571428571428573,-48.714285714285715,38.42857142857143,39.0,-15.333333333333334
1725,Florida,2020-05-21,48675,2144,-37.0,-26.0,14.0,-22.0,-44.0,48.0,44.0,47.0,-34.42857142857143,-31.714285714285715,13.142857142857142,-28.428571428571427,-48.714285714285715,38.42857142857143,38.42857142857143,-15.666666666666666
1726,Florida,2020-05-22,49451,2190,-36.0,-26.0,14.0,-16.0,-43.0,46.0,48.0,9.0,-34.0,-31.714285714285715,13.142857142857142,-30.428571428571427,-49.0,39.0,38.42857142857143,-16.333333333333332
1727,Florida,2020-05-23,50127,2233,-22.0,-28.0,7.0,-17.0,-46.0,43.0,46.0,24.0,-33.42857142857143,-31.571428571428573,13.142857142857142,-30.714285714285715,-49.142857142857146,38.42857142857143,39.0,-16.380952380952383
1728,Florida,2020-05-24,50867,2237,-27.0,-30.0,8.0,-26.0,-53.0,4.0,43.0,55.0,-33.285714285714285,-31.285714285714285,13.142857142857142,-26.285714285714285,-48.714285714285715,37.714285714285715,38.42857142857143,-14.80952380952381
1729,Florida,2020-05-25,51746,2252,-68.0,-34.0,22.0,-40.0,-58.0,15.0,4.0,44.0,-37.714285714285715,-31.285714285714285,13.142857142857142,-28.285714285714285,-49.0,36.42857142857143,37.714285714285715,-15.476190476190476
1730,Florida,2020-05-26,52255,2259,-35.0,-27.0,14.0,-34.0,-44.0,7.0,15.0,48.0,-37.42857142857143,-30.714285714285715,13.0,-28.714285714285715,-49.142857142857146,29.571428571428573,36.42857142857143,-15.476190476190476
1731,Florida,2020-05-27,52634,2319,-35.0,-24.0,13.0,-20.0,-43.0,60.0,7.0,46.0,-37.142857142857146,-30.142857142857142,12.857142857142858,-28.571428571428573,-48.857142857142854,31.857142857142858,29.571428571428573,-15.285714285714286
1732,Florida,2020-05-28,53285,2364,-34.0,-24.0,13.0,-25.0,-43.0,45.0,60.0,43.0,-36.714285714285715,-29.428571428571427,13.0,-27.571428571428573,-48.285714285714285,31.428571428571427,31.857142857142858,-14.666666666666666
1733,Florida,2020-05-29,54497,2413,-33.0,-24.0,14.0,-20.0,-43.0,49.0,45.0,4.0,-36.285714285714285,-28.428571428571427,12.571428571428571,-25.0,-47.285714285714285,31.857142857142858,31.428571428571427,-13.619047619047619
1734,Florida,2020-05-30,55424,2447,-15.0,-26.0,7.0,-16.0,-43.0,34.0,49.0,15.0,-35.285714285714285,-27.857142857142858,12.285714285714286,-23.428571428571427,-46.714285714285715,30.571428571428573,31.857142857142858,-13.0
1735,Florida,2020-05-31,56163,2451,-19.0,-26.0,7.0,-13.0,-47.0,4.0,34.0,7.0,-34.142857142857146,-27.428571428571427,12.142857142857142,-24.285714285714285,-46.714285714285715,30.571428571428573,30.571428571428573,-13.19047619047619
1736,Florida,2020-06-01,56830,2460,-33.0,-21.0,11.0,-24.0,-42.0,9.0,4.0,60.0,-29.142857142857142,-27.857142857142858,13.285714285714286,-24.0,-47.857142857142854,29.714285714285715,30.571428571428573,-12.857142857142856
1737,Florida,2020-06-02,57447,2530,-33.0,-22.0,12.0,-25.0,-41.0,70.0,9.0,45.0,-28.857142857142858,-28.0,13.285714285714286,-25.0,-47.57142857142857,38.714285714285715,29.714285714285715,-13.238095238095239
1738,Florida,2020-06-03,58764,2566,-34.0,-22.0,13.0,-30.0,-43.0,36.0,70.0,49.0,-28.714285714285715,-27.857142857142858,13.142857142857142,-25.0,-47.285714285714285,35.285714285714285,38.714285714285715,-13.238095238095239
1739,Florida,2020-06-04,60183,2607,-34.0,-24.0,14.0,-38.0,-43.0,41.0,36.0,34.0,-28.714285714285715,-27.571428571428573,13.0,-25.428571428571427,-47.142857142857146,34.714285714285715,35.285714285714285,-13.333333333333334
1740,Florida,2020-06-05,61488,2660,-33.0,-23.0,13.0,-27.0,-43.0,53.0,41.0,4.0,-28.714285714285715,-27.285714285714285,13.0,-26.0,-47.142857142857146,35.285714285714285,34.714285714285715,-13.428571428571429
1741,Florida,2020-06-06,62758,2688,-18.0,-28.0,8.0,-48.0,-48.0,28.0,53.0,9.0,-29.142857142857142,-27.0,13.0,-25.857142857142858,-46.714285714285715,34.42857142857143,35.285714285714285,-13.285714285714286
1742,Florida,2020-06-07,63938,2700,-21.0,-27.0,8.0,-40.0,-49.0,12.0,28.0,70.0,-29.428571428571427,-26.428571428571427,12.857142857142858,-24.0,-45.857142857142854,35.57142857142857,34.42857142857143,-12.523809523809524
1743,Florida,2020-06-08,64904,2712,-32.0,-22.0,11.0,-25.0,-42.0,12.0,12.0,36.0,-29.285714285714285,-24.571428571428573,11.285714285714286,-21.714285714285715,-43.57142857142857,36.0,35.57142857142857,-11.666666666666666
1744,Florida,2020-06-09,66000,2765,-32.0,-20.0,12.0,-20.0,-41.0,53.0,12.0,41.0,-29.142857142857142,-23.857142857142858,11.0,-20.428571428571427,-43.142857142857146,33.57142857142857,36.0,-11.095238095238095
1745,Florida,2020-06-10,67371,2801,-33.0,-20.0,11.0,-15.0,-41.0,36.0,53.0,53.0,-29.0,-23.571428571428573,11.0,-21.857142857142858,-43.142857142857146,33.57142857142857,33.57142857142857,-11.476190476190476
1746,Florida,2020-06-11,69069,2848,-33.0,-20.0,11.0,-14.0,-39.0,47.0,36.0,28.0,-28.857142857142858,-23.571428571428573,11.142857142857142,-23.714285714285715,-43.142857142857146,34.42857142857143,33.57142857142857,-12.04761904761905
1747,Florida,2020-06-12,70971,2877,-32.0,-20.0,11.0,-3.0,-39.0,29.0,47.0,12.0,-28.714285714285715,-23.428571428571427,11.0,-24.714285714285715,-43.142857142857146,31.0,34.42857142857143,-12.38095238095238
1748,Florida,2020-06-13,73552,2925,-14.0,-23.0,5.0,-9.0,-40.0,48.0,29.0,12.0,-28.142857142857142,-23.714285714285715,11.142857142857142,-29.285714285714285,-43.857142857142854,33.857142857142854,31.0,-13.952380952380954
1749,Florida,2020-06-14,75568,2931,-17.0,-22.0,5.0,-10.0,-42.0,6.0,48.0,53.0,-27.571428571428573,-23.857142857142858,11.285714285714286,-33.142857142857146,-44.142857142857146,33.0,33.857142857142854,-15.238095238095239
