,CountryOrState,Date,confirmed,deaths,work,retail,residential,parks,transit,dDeaths,dDeaths_1,dDeaths_5,aWork,aRetail,aResidential,aParks,aTransit,adDeaths,adDeaths_1,mob_idx
1531,District of Columbia,2020-04-03,757,15,-67.0,-60.0,29.0,-57.0,-74.0,3.0,3.0,1.0,-62.142857142857146,-57.42857142857143,24.0,-44.0,-69.57142857142857,1.7142857142857142,1.2857142857142858,-25.80952380952381
1532,District of Columbia,2020-04-04,902,21,-48.0,-67.0,17.0,-65.0,-71.0,6.0,3.0,4.0,-62.285714285714285,-60.0,23.285714285714285,-51.57142857142857,-70.71428571428571,2.4285714285714284,1.7142857142857142,-29.428571428571427
1533,District of Columbia,2020-04-05,1002,22,-49.0,-66.0,15.0,-50.0,-71.0,1.0,6.0,0.0,-62.57142857142857,-60.57142857142857,23.571428571428573,-53.857142857142854,-71.28571428571429,2.4285714285714284,2.4285714285714284,-30.28571428571429
1534,District of Columbia,2020-04-06,1097,24,-68.0,-60.0,28.0,-51.0,-75.0,2.0,1.0,0.0,-63.0,-60.285714285714285,23.428571428571427,-51.142857142857146,-71.28571428571429,2.142857142857143,2.4285714285714284,-29.333333333333332
1535,District of Columbia,2020-04-07,1211,22,-71.0,-63.0,28.0,-61.0,-78.0,-2.0,2.0,3.0,-63.285714285714285,-61.142857142857146,23.857142857142858,-53.857142857142854,-72.14285714285714,1.8571428571428572,2.142857142857143,-30.38095238095238
1536,District of Columbia,2020-04-08,1440,27,-71.0,-62.0,28.0,-57.0,-77.0,5.0,-2.0,3.0,-63.42857142857143,-60.714285714285715,23.857142857142858,-53.0,-72.28571428571429,2.5714285714285716,1.8571428571428572,-29.952380952380953
1537,District of Columbia,2020-04-09,1523,32,-71.0,-64.0,30.0,-67.0,-78.0,5.0,5.0,6.0,-63.57142857142857,-61.142857142857146,24.142857142857142,-55.285714285714285,-72.85714285714286,2.857142857142857,2.5714285714285716,-30.76190476190476
1538,District of Columbia,2020-04-10,1660,38,-70.0,-65.0,31.0,-74.0,-77.0,6.0,5.0,1.0,-64.0,-61.285714285714285,24.428571428571427,-57.0,-73.42857142857143,3.2857142857142856,2.857142857142857,-31.28571428571429
1539,District of Columbia,2020-04-11,1778,47,-48.0,-69.0,17.0,-65.0,-69.0,9.0,6.0,2.0,-64.0,-61.142857142857146,24.428571428571427,-56.42857142857143,-73.57142857142857,3.7142857142857144,3.2857142857142856,-31.04761904761905
1540,District of Columbia,2020-04-12,1875,50,-51.0,-72.0,15.0,-61.0,-73.0,3.0,9.0,-2.0,-64.28571428571429,-61.42857142857143,24.571428571428573,-57.714285714285715,-74.0,4.0,3.7142857142857144,-31.52380952380953
1541,District of Columbia,2020-04-13,1955,52,-71.0,-67.0,30.0,-70.0,-79.0,2.0,3.0,5.0,-64.71428571428571,-61.857142857142854,24.857142857142858,-58.285714285714285,-74.42857142857143,4.0,4.0,-31.76190476190476
1542,District of Columbia,2020-04-14,2058,67,-69.0,-62.0,28.0,-58.0,-77.0,15.0,2.0,5.0,-64.42857142857143,-62.142857142857146,24.857142857142858,-57.714285714285715,-74.57142857142857,6.428571428571429,4.0,-31.666666666666668
1543,District of Columbia,2020-04-15,2197,72,-70.0,-61.0,28.0,-61.0,-77.0,5.0,15.0,6.0,-64.28571428571429,-62.714285714285715,24.857142857142858,-57.0,-74.71428571428571,6.428571428571429,6.428571428571429,-31.61904761904762
1544,District of Columbia,2020-04-16,2350,81,-71.0,-64.0,30.0,-61.0,-79.0,9.0,5.0,9.0,-64.28571428571429,-63.142857142857146,25.0,-58.285714285714285,-74.85714285714286,7.0,6.428571428571429,-32.142857142857146
1545,District of Columbia,2020-04-17,2476,86,-67.0,-64.0,29.0,-61.0,-76.0,5.0,9.0,3.0,-63.857142857142854,-63.857142857142854,25.285714285714285,-60.714285714285715,-75.28571428571429,6.857142857142857,7.0,-33.095238095238095
1546,District of Columbia,2020-04-18,2666,91,-47.0,-70.0,18.0,-69.0,-71.0,5.0,5.0,2.0,-63.714285714285715,-64.14285714285714,25.285714285714285,-60.714285714285715,-75.0,6.285714285714286,6.857142857142857,-33.19047619047619
1547,District of Columbia,2020-04-19,2793,96,-48.0,-67.0,15.0,-48.0,-71.0,5.0,5.0,15.0,-63.285714285714285,-65.0,25.285714285714285,-62.285714285714285,-75.28571428571429,6.571428571428571,6.285714285714286,-34.0
1548,District of Columbia,2020-04-20,2927,105,-68.0,-62.0,28.0,-55.0,-76.0,9.0,5.0,5.0,-62.857142857142854,-66.0,25.571428571428573,-65.0,-75.85714285714286,7.571428571428571,6.571428571428571,-35.142857142857146
1549,District of Columbia,2020-04-21,3098,112,-69.0,-63.0,28.0,-61.0,-78.0,7.0,9.0,9.0,-62.857142857142854,-65.85714285714286,25.571428571428573,-64.57142857142857,-75.71428571428571,6.428571428571429,7.571428571428571,-34.952380952380956
1550,District of Columbia,2020-04-22,3206,127,-70.0,-61.0,28.0,-57.0,-77.0,15.0,7.0,5.0,-62.857142857142854,-65.71428571428571,25.571428571428573,-65.14285714285714,-75.71428571428571,7.857142857142857,6.428571428571429,-35.095238095238095
1551,District of Columbia,2020-04-23,3361,139,-70.0,-65.0,30.0,-69.0,-78.0,12.0,15.0,5.0,-62.714285714285715,-65.71428571428571,25.571428571428573,-64.28571428571429,-75.85714285714286,8.285714285714286,7.857142857142857,-34.80952380952381
1552,District of Columbia,2020-04-24,3528,153,-69.0,-65.0,30.0,-69.0,-77.0,14.0,12.0,5.0,-63.0,-65.57142857142857,25.285714285714285,-62.42857142857143,-75.71428571428571,9.571428571428571,8.285714285714286,-34.23809523809524
1553,District of Columbia,2020-04-25,3699,165,-47.0,-68.0,16.0,-56.0,-69.0,12.0,14.0,9.0,-63.0,-65.71428571428571,25.428571428571427,-63.0,-76.0,10.571428571428571,9.571428571428571,-34.42857142857142
1554,District of Columbia,2020-04-26,3841,178,-51.0,-69.0,16.0,-73.0,-74.0,13.0,12.0,7.0,-63.42857142857143,-65.0,25.428571428571427,-61.142857142857146,-75.71428571428571,11.714285714285714,10.571428571428571,-33.57142857142858
1555,District of Columbia,2020-04-27,3892,185,-68.0,-62.0,28.0,-60.0,-76.0,7.0,13.0,15.0,-63.42857142857143,-64.28571428571429,25.142857142857142,-59.0,-75.28571428571429,11.428571428571429,11.714285714285714,-32.714285714285715
1556,District of Columbia,2020-04-28,3994,190,-69.0,-62.0,22.0,-66.0,-77.0,5.0,7.0,12.0,-63.42857142857143,-64.42857142857143,25.142857142857142,-59.42857142857143,-75.42857142857143,11.142857142857142,11.428571428571429,-32.904761904761905
1557,District of Columbia,2020-04-29,4106,205,-69.0,-58.0,26.0,-50.0,-76.0,15.0,5.0,14.0,-63.285714285714285,-64.42857142857143,25.142857142857142,-58.857142857142854,-75.42857142857143,11.142857142857142,11.142857142857142,-32.714285714285715
1558,District of Columbia,2020-04-30,4323,224,-71.0,-66.0,31.0,-77.0,-81.0,19.0,15.0,12.0,-63.42857142857143,-64.57142857142857,25.142857142857142,-60.0,-75.28571428571429,12.142857142857142,11.142857142857142,-33.142857142857146
1559,District of Columbia,2020-05-01,4658,231,-66.0,-59.0,27.0,-56.0,-74.0,7.0,19.0,13.0,-63.0,-64.71428571428571,25.285714285714285,-61.142857142857146,-75.42857142857143,11.142857142857142,12.142857142857142,-33.523809523809526
1560,District of Columbia,2020-05-02,4797,240,-41.0,-62.0,13.0,-23.0,-64.0,9.0,7.0,7.0,-62.142857142857146,-64.42857142857143,25.0,-59.285714285714285,-75.14285714285714,10.714285714285714,11.142857142857142,-32.904761904761905
1561,District of Columbia,2020-05-03,5016,251,-44.0,-64.0,14.0,-56.0,-71.0,11.0,9.0,5.0,-61.142857142857146,-64.71428571428571,25.142857142857142,-62.857142857142854,-75.57142857142857,10.428571428571429,10.714285714285714,-34.14285714285714
1562,District of Columbia,2020-05-04,5170,258,-66.0,-57.0,25.0,-47.0,-74.0,7.0,11.0,15.0,-60.857142857142854,-64.71428571428571,25.142857142857142,-63.57142857142857,-75.57142857142857,10.428571428571429,10.428571428571429,-34.38095238095238
1563,District of Columbia,2020-05-05,5322,264,-68.0,-56.0,26.0,-61.0,-76.0,6.0,7.0,19.0,-60.714285714285715,-64.57142857142857,24.285714285714285,-64.28571428571429,-75.42857142857143,10.571428571428571,10.428571428571429,-34.85714285714286
1564,District of Columbia,2020-05-06,5461,277,-69.0,-62.0,29.0,-72.0,-78.0,13.0,6.0,7.0,-60.714285714285715,-64.14285714285714,24.0,-63.285714285714285,-75.28571428571429,10.285714285714286,10.571428571428571,-34.476190476190474
1565,District of Columbia,2020-05-07,5654,285,-68.0,-57.0,26.0,-45.0,-74.0,8.0,13.0,9.0,-60.285714285714285,-64.28571428571429,24.142857142857142,-64.42857142857143,-75.71428571428571,8.714285714285714,10.285714285714286,-34.85714285714286
1566,District of Columbia,2020-05-08,5899,304,-66.0,-63.0,28.0,-67.0,-74.0,19.0,8.0,11.0,-60.285714285714285,-63.42857142857143,23.714285714285715,-62.57142857142857,-75.28571428571429,10.428571428571429,8.714285714285714,-34.095238095238095
1567,District of Columbia,2020-05-09,6102,311,-42.0,-64.0,15.0,-66.0,-68.0,7.0,19.0,7.0,-60.42857142857143,-62.57142857142857,23.285714285714285,-57.857142857142854,-74.57142857142857,10.142857142857142,10.428571428571429,-32.38095238095238
1568,District of Columbia,2020-05-10,6272,323,-40.0,-60.0,11.0,-34.0,-67.0,12.0,7.0,6.0,-59.857142857142854,-61.857142857142854,23.0,-55.42857142857143,-74.14285714285714,10.285714285714286,10.142857142857142,-31.428571428571427
1569,District of Columbia,2020-05-11,6389,328,-67.0,-62.0,27.0,-62.0,-75.0,5.0,12.0,13.0,-60.0,-61.142857142857146,22.571428571428573,-53.57142857142857,-73.85714285714286,10.0,10.285714285714286,-30.71428571428571
1570,District of Columbia,2020-05-12,6485,336,-67.0,-59.0,26.0,-54.0,-75.0,8.0,5.0,8.0,-59.857142857142854,-60.285714285714285,23.142857142857142,-52.857142857142854,-73.71428571428571,10.285714285714286,10.0,-30.0
1571,District of Columbia,2020-05-13,6584,350,-66.0,-57.0,26.0,-43.0,-74.0,14.0,8.0,19.0,-59.42857142857143,-60.857142857142854,23.571428571428573,-56.0,-74.0,10.428571428571429,10.285714285714286,-31.09523809523809
1572,District of Columbia,2020-05-14,6736,358,-67.0,-59.0,27.0,-50.0,-75.0,8.0,14.0,7.0,-59.285714285714285,-59.57142857142857,22.857142857142858,-51.42857142857143,-73.0,10.428571428571429,10.428571428571429,-29.38095238095238
1573,District of Columbia,2020-05-15,6871,368,-64.0,-58.0,25.0,-37.0,-71.0,10.0,8.0,12.0,-59.0,-60.142857142857146,23.0,-53.0,-73.0,9.142857142857142,10.428571428571429,-30.047619047619047
1574,District of Columbia,2020-05-16,7042,375,-39.0,-62.0,12.0,-32.0,-63.0,7.0,10.0,5.0,-58.57142857142857,-60.42857142857143,23.285714285714285,-59.142857142857146,-73.57142857142857,9.142857142857142,9.142857142857142,-32.095238095238095
1575,District of Columbia,2020-05-17,7123,383,-40.0,-63.0,13.0,-43.0,-68.0,8.0,7.0,8.0,-58.57142857142857,-59.857142857142854,22.857142857142858,-56.0,-73.0,8.571428571428571,9.142857142857142,-31.0
1576,District of Columbia,2020-05-18,7270,392,-65.0,-59.0,27.0,-56.0,-74.0,9.0,8.0,14.0,-58.285714285714285,-60.57142857142857,23.142857142857142,-58.142857142857146,-73.14285714285714,9.142857142857142,8.571428571428571,-31.85714285714286
1577,District of Columbia,2020-05-19,7434,400,-66.0,-57.0,25.0,-53.0,-75.0,8.0,9.0,8.0,-58.142857142857146,-61.0,23.142857142857142,-57.142857142857146,-73.0,9.142857142857142,9.142857142857142,-31.666666666666668
1578,District of Columbia,2020-05-20,7551,407,-66.0,-58.0,26.0,-53.0,-74.0,7.0,8.0,10.0,-58.142857142857146,-60.285714285714285,22.714285714285715,-53.0,-72.42857142857143,8.142857142857142,9.142857142857142,-30.19047619047619
1579,District of Columbia,2020-05-21,7788,412,-66.0,-58.0,26.0,-50.0,-74.0,5.0,7.0,7.0,-58.0,-60.57142857142857,22.857142857142858,-53.714285714285715,-72.57142857142857,7.714285714285714,8.142857142857142,-30.47619047619047
1580,District of Columbia,2020-05-22,7893,418,-64.0,-61.0,27.0,-61.0,-74.0,6.0,5.0,8.0,-58.0,-59.857142857142854,22.428571428571427,-49.42857142857143,-72.14285714285714,7.142857142857143,7.714285714285714,-28.952380952380953
1581,District of Columbia,2020-05-23,7966,427,-34.0,-60.0,11.0,-30.0,-63.0,9.0,6.0,9.0,-57.285714285714285,-59.57142857142857,22.0,-44.57142857142857,-71.42857142857143,7.428571428571429,7.142857142857143,-27.38095238095238
1582,District of Columbia,2020-05-24,8110,432,-38.0,-60.0,11.0,-31.0,-67.0,5.0,9.0,8.0,-57.0,-60.0,22.285714285714285,-45.857142857142854,-71.57142857142857,7.0,7.428571428571429,-27.857142857142858
1583,District of Columbia,2020-05-25,8225,440,-78.0,-62.0,25.0,-16.0,-81.0,8.0,5.0,7.0,-58.857142857142854,-59.57142857142857,22.285714285714285,-45.0,-71.42857142857143,6.857142857142857,7.0,-27.428571428571427
1584,District of Columbia,2020-05-26,8334,440,-63.0,-57.0,23.0,-42.0,-73.0,0.0,8.0,5.0,-58.42857142857143,-59.285714285714285,22.142857142857142,-44.857142857142854,-71.42857142857143,5.714285714285714,6.857142857142857,-27.333333333333332
1585,District of Columbia,2020-05-27,8406,445,-64.0,-57.0,25.0,-46.0,-73.0,5.0,0.0,6.0,-58.142857142857146,-59.42857142857143,22.142857142857142,-46.285714285714285,-71.42857142857143,5.428571428571429,5.714285714285714,-27.85714285714286
1586,District of Columbia,2020-05-28,8492,453,-65.0,-58.0,26.0,-56.0,-74.0,8.0,5.0,9.0,-58.0,-59.285714285714285,22.0,-46.285714285714285,-71.28571428571429,5.857142857142857,5.428571428571429,-27.857142857142858
1587,District of Columbia,2020-05-29,8538,460,-60.0,-56.0,24.0,-44.0,-70.0,7.0,8.0,5.0,-57.42857142857143,-59.714285714285715,22.285714285714285,-49.714285714285715,-71.71428571428571,6.0,5.857142857142857,-29.047619047619047
1588,District of Columbia,2020-05-30,8717,462,-22.0,-56.0,10.0,-16.0,-57.0,2.0,7.0,8.0,-55.714285714285715,-59.42857142857143,22.142857142857142,-49.42857142857143,-71.71428571428571,5.0,6.0,-28.90476190476191
1589,District of Columbia,2020-05-31,8801,466,-24.0,-54.0,9.0,-1.0,-59.0,4.0,2.0,0.0,-53.714285714285715,-59.0,21.857142857142858,-47.714285714285715,-71.57142857142857,4.857142857142857,5.0,-28.28571428571429
1590,District of Columbia,2020-06-01,8857,468,-61.0,-54.0,23.0,-38.0,-69.0,2.0,4.0,5.0,-51.285714285714285,-59.42857142857143,21.571428571428573,-42.0,-72.57142857142857,4.0,4.857142857142857,-26.61904761904762
1591,District of Columbia,2020-06-02,8886,470,-63.0,-54.0,23.0,-30.0,-70.0,2.0,2.0,8.0,-51.285714285714285,-59.42857142857143,21.285714285714285,-40.42857142857143,-72.28571428571429,4.285714285714286,4.0,-26.190476190476193
1592,District of Columbia,2020-06-03,9016,473,-62.0,-51.0,23.0,-35.0,-69.0,3.0,2.0,7.0,-51.0,-59.285714285714285,21.142857142857142,-39.42857142857143,-72.14285714285714,4.0,4.285714285714286,-25.857142857142858
1593,District of Columbia,2020-06-04,9120,475,-63.0,-54.0,24.0,-40.0,-72.0,2.0,3.0,2.0,-50.714285714285715,-59.285714285714285,21.142857142857142,-40.285714285714285,-72.14285714285714,3.142857142857143,4.0,-26.14285714285714
1594,District of Columbia,2020-06-05,9199,479,-59.0,-56.0,24.0,-47.0,-69.0,4.0,2.0,4.0,-50.57142857142857,-58.57142857142857,20.714285714285715,-37.857142857142854,-71.57142857142857,2.7142857142857144,3.142857142857143,-25.238095238095237
1595,District of Columbia,2020-06-06,9269,483,-26.0,-53.0,8.0,15.0,-36.0,4.0,4.0,2.0,-51.142857142857146,-58.0,20.571428571428573,-35.857142857142854,-70.71428571428571,3.0,2.7142857142857144,-24.428571428571427
1596,District of Columbia,2020-06-07,9332,489,-26.0,-51.0,8.0,4.0,-55.0,6.0,4.0,2.0,-51.42857142857143,-57.142857142857146,20.285714285714285,-31.571428571428573,-69.57142857142857,3.2857142857142856,3.0,-22.80952380952381
1597,District of Columbia,2020-06-08,9389,491,-59.0,-51.0,22.0,-30.0,-68.0,2.0,6.0,3.0,-51.142857142857146,-56.0,20.0,-34.714285714285715,-67.85714285714286,3.2857142857142856,3.2857142857142856,-23.571428571428573
1598,District of Columbia,2020-06-09,9474,495,-61.0,-51.0,22.0,-33.0,-70.0,4.0,2.0,2.0,-50.857142857142854,-55.57142857142857,20.0,-33.0,-67.42857142857143,3.5714285714285716,3.2857142857142856,-22.857142857142858
1599,District of Columbia,2020-06-10,9537,499,-61.0,-53.0,22.0,-44.0,-71.0,4.0,4.0,4.0,-50.714285714285715,-54.714285714285715,19.714285714285715,-31.428571428571427,-66.85714285714286,3.7142857142857144,3.5714285714285716,-22.142857142857142
1600,District of Columbia,2020-06-11,9589,502,-62.0,-54.0,24.0,-46.0,-71.0,3.0,4.0,4.0,-50.57142857142857,-54.142857142857146,19.428571428571427,-29.142857142857142,-66.57142857142857,3.857142857142857,3.7142857142857144,-21.28571428571429
1601,District of Columbia,2020-06-12,9654,506,-57.0,-52.0,20.0,-29.0,-66.0,4.0,3.0,6.0,-50.285714285714285,-54.142857142857146,19.428571428571427,-29.571428571428573,-66.42857142857143,3.857142857142857,3.857142857142857,-21.42857142857143
1602,District of Columbia,2020-06-13,9709,511,-21.0,-55.0,7.0,-13.0,-54.0,5.0,4.0,2.0,-49.57142857142857,-53.714285714285715,19.142857142857142,-25.142857142857142,-63.42857142857143,4.0,3.857142857142857,-19.9047619047619
1603,District of Columbia,2020-06-14,9767,515,-23.0,-52.0,7.0,-2.0,-56.0,4.0,5.0,4.0,-49.142857142857146,-53.285714285714285,19.0,-24.428571428571427,-62.857142857142854,3.7142857142857144,4.0,-19.57142857142857
