,CountryOrState,Date,confirmed,deaths,work,retail,residential,parks,transit,dDeaths,dDeaths_1,dDeaths_5,aWork,aRetail,aResidential,aParks,aTransit,adDeaths,adDeaths_1,mob_idx
4302,Missouri,2020-03-31,1550,19,-45.0,-34.0,17.0,49.0,-30.0,3.0,0.0,0.0,-38.285714285714285,-30.714285714285715,12.0,-1.1428571428571428,-22.571428571428573,1.5714285714285714,1.7142857142857142,-6.6190476190476195
4303,Missouri,2020-04-01,1803,24,-44.0,-27.0,14.0,38.0,-25.0,5.0,3.0,0.0,-38.714285714285715,-33.714285714285715,12.857142857142858,5.285714285714286,-24.571428571428573,2.142857142857143,1.5714285714285714,-5.190476190476191
4304,Missouri,2020-04-02,2003,32,-46.0,-36.0,18.0,36.0,-32.0,8.0,5.0,4.0,-39.142857142857146,-35.714285714285715,13.428571428571429,14.428571428571429,-26.142857142857142,3.2857142857142856,2.142857142857143,-2.6190476190476186
4305,Missouri,2020-04-03,2124,45,-39.0,-36.0,19.0,9.0,-32.0,13.0,8.0,3.0,-39.57142857142857,-37.57142857142857,14.142857142857142,20.285714285714285,-27.857142857142858,5.142857142857143,3.2857142857142856,-1.0476190476190474
4306,Missouri,2020-04-04,2472,51,-31.0,-48.0,13.0,-24.0,-37.0,6.0,13.0,0.0,-40.0,-38.857142857142854,14.571428571428571,21.0,-30.0,5.428571428571429,5.142857142857143,-1.095238095238095
4307,Missouri,2020-04-05,2568,64,-34.0,-43.0,10.0,5.0,-40.0,13.0,6.0,3.0,-40.285714285714285,-38.57142857142857,14.571428571428571,37.285714285714285,-30.571428571428573,6.857142857142857,5.428571428571429,4.428571428571428
4308,Missouri,2020-04-06,3030,72,-46.0,-43.0,18.0,14.0,-39.0,8.0,13.0,5.0,-40.714285714285715,-39.0,14.857142857142858,42.857142857142854,-31.0,8.0,6.857142857142857,6.238095238095237
4309,Missouri,2020-04-07,3327,92,-48.0,-39.0,17.0,65.0,-32.0,20.0,8.0,8.0,-41.142857142857146,-37.57142857142857,14.714285714285714,52.142857142857146,-30.571428571428573,10.428571428571429,8.0,9.761904761904765
4310,Missouri,2020-04-08,3511,107,-47.0,-33.0,15.0,38.0,-29.0,15.0,20.0,13.0,-41.57142857142857,-36.714285714285715,14.714285714285714,50.857142857142854,-30.714285714285715,11.857142857142858,10.428571428571429,9.619047619047619
4311,Missouri,2020-04-09,3754,123,-48.0,-39.0,19.0,19.0,-34.0,16.0,15.0,6.0,-41.857142857142854,-36.285714285714285,14.857142857142858,45.57142857142857,-31.0,13.0,11.857142857142858,8.047619047619047
4312,Missouri,2020-04-10,4149,133,-45.0,-34.0,19.0,44.0,-33.0,10.0,16.0,13.0,-42.714285714285715,-36.142857142857146,15.0,39.714285714285715,-31.285714285714285,12.571428571428571,13.0,6.19047619047619
4313,Missouri,2020-04-11,4395,145,-32.0,-44.0,12.0,16.0,-36.0,12.0,10.0,8.0,-42.857142857142854,-36.42857142857143,15.142857142857142,31.714285714285715,-32.0,13.428571428571429,12.571428571428571,3.476190476190476
4314,Missouri,2020-04-12,4534,157,-42.0,-62.0,11.0,-27.0,-48.0,12.0,12.0,20.0,-44.0,-37.142857142857146,15.285714285714286,22.0,-32.857142857142854,13.285714285714286,13.428571428571429,0.04761904761904626
4315,Missouri,2020-04-13,4714,167,-46.0,-39.0,18.0,-15.0,-38.0,10.0,12.0,15.0,-44.0,-38.142857142857146,15.571428571428571,18.142857142857142,-33.57142857142857,13.571428571428571,13.285714285714286,-1.476190476190478
4316,Missouri,2020-04-14,4880,185,-46.0,-37.0,18.0,10.0,-34.0,18.0,10.0,16.0,-43.714285714285715,-38.857142857142854,15.571428571428571,20.428571428571427,-33.857142857142854,13.285714285714286,13.571428571428571,-0.9523809523809526
4317,Missouri,2020-04-15,5005,202,-44.0,-22.0,14.0,9.0,-24.0,17.0,18.0,10.0,-43.285714285714285,-39.714285714285715,15.714285714285714,20.428571428571427,-34.42857142857143,13.571428571428571,13.285714285714286,-1.190476190476191
4318,Missouri,2020-04-16,5308,216,-45.0,-32.0,18.0,15.0,-31.0,14.0,17.0,12.0,-42.857142857142854,-40.142857142857146,15.857142857142858,18.0,-34.714285714285715,13.285714285714286,13.571428571428571,-2.0952380952380962
4319,Missouri,2020-04-17,5520,229,-38.0,-34.0,19.0,-7.0,-33.0,13.0,14.0,12.0,-41.857142857142854,-39.857142857142854,15.857142857142858,23.0,-34.857142857142854,13.714285714285714,13.285714285714286,-0.33333333333333215
4320,Missouri,2020-04-18,5713,236,-27.0,-37.0,10.0,55.0,-27.0,7.0,13.0,10.0,-41.142857142857146,-39.285714285714285,15.714285714285714,28.714285714285715,-34.714285714285715,13.0,13.714285714285714,1.7142857142857153
4321,Missouri,2020-04-19,5881,242,-31.0,-32.0,8.0,41.0,-34.0,6.0,7.0,18.0,-39.57142857142857,-42.0,15.857142857142858,24.142857142857142,-35.857142857142854,12.142857142857142,13.0,-0.6666666666666666
4322,Missouri,2020-04-20,6043,263,-44.0,-29.0,16.0,41.0,-32.0,21.0,6.0,17.0,-39.285714285714285,-41.42857142857143,15.857142857142858,20.0,-35.714285714285715,13.714285714285714,12.142857142857142,-1.8571428571428577
4323,Missouri,2020-04-21,6242,281,-46.0,-28.0,16.0,82.0,-28.0,18.0,21.0,14.0,-39.285714285714285,-41.142857142857146,16.0,12.142857142857142,-36.0,13.714285714285714,13.714285714285714,-4.333333333333335
4324,Missouri,2020-04-22,6433,301,-44.0,-28.0,15.0,-1.0,-26.0,20.0,18.0,13.0,-39.285714285714285,-39.57142857142857,15.857142857142858,8.0,-35.285714285714285,14.142857142857142,13.714285714285714,-5.238095238095237
4325,Missouri,2020-04-23,6700,317,-45.0,-33.0,18.0,30.0,-31.0,16.0,20.0,7.0,-39.285714285714285,-38.57142857142857,15.714285714285714,7.428571428571429,-34.857142857142854,14.428571428571429,14.142857142857142,-5.1428571428571415
4326,Missouri,2020-04-24,6943,343,-37.0,-30.0,17.0,36.0,-29.0,26.0,16.0,6.0,-39.142857142857146,-38.57142857142857,15.714285714285714,0.14285714285714285,-34.857142857142854,16.285714285714285,14.428571428571429,-7.57142857142857
4327,Missouri,2020-04-25,7108,357,-28.0,-39.0,11.0,14.0,-29.0,14.0,26.0,21.0,-39.285714285714285,-37.57142857142857,15.428571428571429,5.714285714285714,-33.57142857142857,17.285714285714285,16.285714285714285,-5.4761904761904745
4328,Missouri,2020-04-26,7275,374,-29.0,-25.0,6.0,89.0,-26.0,17.0,14.0,18.0,-39.0,-33.285714285714285,15.0,15.428571428571429,-31.571428571428573,18.857142857142858,17.285714285714285,-0.952380952380952
4329,Missouri,2020-04-27,7444,395,-42.0,-25.0,16.0,33.0,-29.0,21.0,17.0,20.0,-38.714285714285715,-31.857142857142858,14.714285714285714,23.428571428571427,-30.714285714285715,18.857142857142858,18.857142857142858,2.0952380952380936
4330,Missouri,2020-04-28,7591,409,-44.0,-26.0,10.0,48.0,-26.0,14.0,21.0,16.0,-38.42857142857143,-30.571428571428573,14.428571428571429,33.714285714285715,-29.857142857142858,18.285714285714285,18.857142857142858,5.857142857142857
4331,Missouri,2020-04-29,7761,424,-43.0,-21.0,14.0,-9.0,-22.0,15.0,14.0,26.0,-38.285714285714285,-31.428571428571427,14.571428571428571,32.285714285714285,-30.142857142857142,17.571428571428573,18.285714285714285,5.142857142857143
4332,Missouri,2020-04-30,7956,443,-43.0,-21.0,15.0,79.0,-22.0,19.0,15.0,14.0,-38.0,-31.571428571428573,14.571428571428571,34.42857142857143,-30.142857142857142,18.0,17.571428571428573,5.80952380952381
4333,Missouri,2020-05-01,8190,457,-35.0,-18.0,13.0,108.0,-17.0,14.0,19.0,17.0,-37.714285714285715,-31.0,14.285714285714286,40.57142857142857,-29.571428571428573,16.285714285714285,18.0,7.952380952380952
4334,Missouri,2020-05-02,8449,472,-24.0,-28.0,6.0,123.0,-14.0,15.0,14.0,21.0,-37.142857142857146,-31.285714285714285,14.428571428571429,34.714285714285715,-29.857142857142858,16.428571428571427,16.285714285714285,5.952380952380953
4335,Missouri,2020-05-03,8712,484,-26.0,-23.0,6.0,48.0,-25.0,12.0,15.0,14.0,-36.714285714285715,-30.285714285714285,14.142857142857142,41.57142857142857,-28.714285714285715,15.714285714285714,16.428571428571427,8.476190476190476
4336,Missouri,2020-05-04,8998,495,-40.0,-22.0,15.0,0.0,-31.0,11.0,12.0,15.0,-36.42857142857143,-29.714285714285715,14.142857142857142,40.42857142857143,-28.285714285714285,14.285714285714286,15.714285714285714,8.285714285714286
4337,Missouri,2020-05-05,9195,524,-40.0,-13.0,13.0,48.0,-22.0,29.0,11.0,19.0,-35.857142857142854,-29.428571428571427,13.285714285714286,35.57142857142857,-28.0,16.428571428571427,14.285714285714286,6.476190476190477
4338,Missouri,2020-05-06,9447,539,-39.0,-10.0,11.0,35.0,-18.0,15.0,29.0,14.0,-35.285714285714285,-28.428571428571427,13.142857142857142,34.42857142857143,-27.428571428571427,16.428571428571427,16.428571428571427,6.380952380952382
4339,Missouri,2020-05-07,9683,562,-40.0,-18.0,14.0,49.0,-23.0,23.0,15.0,15.0,-34.857142857142854,-26.714285714285715,12.714285714285714,41.42857142857143,-26.142857142857142,17.0,16.428571428571427,9.142857142857144
4340,Missouri,2020-05-08,9829,583,-32.0,-13.0,13.0,62.0,-19.0,21.0,23.0,12.0,-34.42857142857143,-25.0,12.142857142857142,51.714285714285715,-24.428571428571427,18.0,17.0,12.952380952380954
4341,Missouri,2020-05-09,9988,594,-19.0,-20.0,5.0,84.0,-14.0,11.0,21.0,11.0,-33.714285714285715,-23.428571428571427,11.428571428571429,67.28571428571429,-22.285714285714285,17.428571428571427,18.0,18.42857142857143
4342,Missouri,2020-05-10,10105,605,-21.0,-13.0,3.0,43.0,-20.0,11.0,11.0,29.0,-33.0,-23.142857142857142,11.428571428571429,61.42857142857143,-22.142857142857142,17.285714285714285,17.428571428571427,16.571428571428573
4343,Missouri,2020-05-11,10212,622,-38.0,-18.0,13.0,23.0,-26.0,17.0,11.0,15.0,-32.714285714285715,-22.714285714285715,11.285714285714286,56.714285714285715,-22.428571428571427,18.142857142857142,17.285714285714285,15.095238095238095
4344,Missouri,2020-05-12,10329,632,-39.0,-20.0,14.0,17.0,-24.0,10.0,17.0,23.0,-32.57142857142857,-20.857142857142858,11.714285714285714,56.714285714285715,-21.857142857142858,15.428571428571429,18.142857142857142,15.857142857142856
4345,Missouri,2020-05-13,10519,653,-37.0,-12.0,12.0,0.0,-19.0,21.0,10.0,21.0,-32.285714285714285,-19.285714285714285,11.285714285714286,63.0,-21.285714285714285,16.285714285714285,15.428571428571429,18.333333333333332
4346,Missouri,2020-05-14,10683,665,-38.0,-17.0,13.0,54.0,-21.0,12.0,21.0,11.0,-32.0,-18.857142857142858,11.142857142857142,58.714285714285715,-21.428571428571427,14.714285714285714,16.285714285714285,17.0
4347,Missouri,2020-05-15,10872,680,-30.0,-13.0,13.0,55.0,-19.0,15.0,12.0,11.0,-31.714285714285715,-18.142857142857142,11.142857142857142,52.142857142857146,-21.714285714285715,13.857142857142858,14.714285714285714,15.04761904761905
4348,Missouri,2020-05-16,11048,691,-17.0,-21.0,6.0,55.0,-18.0,11.0,15.0,17.0,-31.428571428571427,-17.0,11.0,46.57142857142857,-21.714285714285715,13.857142857142858,13.857142857142858,13.523809523809524
4349,Missouri,2020-05-17,11171,698,-19.0,-15.0,5.0,40.0,-22.0,7.0,11.0,10.0,-31.142857142857142,-15.571428571428571,10.571428571428571,45.857142857142854,-21.0,13.285714285714286,13.857142857142858,13.619047619047619
4350,Missouri,2020-05-18,11319,714,-34.0,-10.0,12.0,31.0,-24.0,16.0,7.0,21.0,-30.571428571428573,-15.0,10.285714285714286,49.142857142857146,-20.285714285714285,13.142857142857142,13.285714285714286,14.80952380952381
4351,Missouri,2020-05-19,11451,729,-36.0,-10.0,12.0,65.0,-20.0,15.0,16.0,12.0,-30.142857142857142,-16.0,10.428571428571429,44.714285714285715,-20.571428571428573,13.857142857142858,13.142857142857142,13.04761904761905
4352,Missouri,2020-05-20,11627,740,-34.0,-1.0,9.0,44.0,-12.0,11.0,15.0,15.0,-29.714285714285715,-16.285714285714285,10.571428571428571,39.714285714285715,-20.714285714285715,12.428571428571429,13.857142857142858,11.333333333333334
4353,Missouri,2020-05-21,11774,749,-36.0,-7.0,11.0,80.0,-14.0,9.0,11.0,11.0,-29.428571428571427,-16.142857142857142,10.428571428571429,40.42857142857143,-20.428571428571427,12.0,12.428571428571429,11.571428571428571
4354,Missouri,2020-05-22,11985,758,-29.0,-5.0,10.0,114.0,-8.0,9.0,9.0,7.0,-29.285714285714285,-16.142857142857142,10.428571428571429,39.42857142857143,-20.428571428571427,11.142857142857142,12.0,11.238095238095239
4355,Missouri,2020-05-23,12144,765,-15.0,-15.0,2.0,155.0,-7.0,7.0,9.0,16.0,-29.0,-16.285714285714285,10.571428571428571,35.285714285714285,-21.0,10.571428571428571,11.142857142857142,9.857142857142856
4356,Missouri,2020-05-24,12393,768,-19.0,-8.0,2.0,114.0,-19.0,3.0,7.0,15.0,-29.0,-16.571428571428573,10.857142857142858,34.857142857142854,-21.285714285714285,10.0,10.571428571428571,9.714285714285714
4357,Missouri,2020-05-25,12548,773,-72.0,-16.0,19.0,90.0,-31.0,5.0,3.0,11.0,-34.42857142857143,-15.428571428571429,10.714285714285714,36.0,-21.0,8.428571428571429,10.0,10.428571428571429
4358,Missouri,2020-05-26,12720,780,-36.0,-11.0,11.0,60.0,-22.0,7.0,5.0,9.0,-34.42857142857143,-14.0,10.428571428571429,42.857142857142854,-20.428571428571427,7.285714285714286,8.428571428571429,13.095238095238095
4359,Missouri,2020-05-27,12871,776,-33.0,-4.0,9.0,25.0,-15.0,-4.0,7.0,9.0,-34.285714285714285,-12.428571428571429,10.0,49.142857142857146,-19.428571428571427,5.142857142857143,7.285714285714286,15.571428571428571
4360,Missouri,2020-05-28,13082,789,-34.0,-11.0,12.0,41.0,-19.0,13.0,-4.0,7.0,-34.0,-11.0,9.714285714285714,52.857142857142854,-18.428571428571427,5.714285714285714,5.142857142857143,17.19047619047619
4361,Missouri,2020-05-29,13232,794,-24.0,-3.0,8.0,142.0,-8.0,5.0,13.0,3.0,-33.285714285714285,-9.857142857142858,9.285714285714286,61.285714285714285,-16.857142857142858,5.142857142857143,5.714285714285714,20.238095238095237
4362,Missouri,2020-05-30,13398,812,-5.0,-14.0,2.0,145.0,-5.0,18.0,5.0,5.0,-31.857142857142858,-9.0,8.714285714285714,75.57142857142857,-15.285714285714286,6.714285714285714,5.142857142857143,25.09523809523809
4363,Missouri,2020-05-31,13571,814,-9.0,-4.0,1.0,122.0,-10.0,2.0,18.0,7.0,-30.428571428571427,-8.0,8.285714285714286,86.14285714285714,-14.857142857142858,6.571428571428571,6.714285714285714,28.80952380952381
4364,Missouri,2020-06-01,13784,815,-31.0,-3.0,8.0,89.0,-15.0,1.0,2.0,-4.0,-24.571428571428573,-8.857142857142858,9.285714285714286,94.57142857142857,-15.857142857142858,6.0,6.571428571428571,31.666666666666668
4365,Missouri,2020-06-02,14052,825,-33.0,-4.0,9.0,115.0,-12.0,10.0,1.0,13.0,-24.142857142857142,-9.0,9.142857142857142,93.85714285714286,-16.142857142857142,6.428571428571429,6.0,31.333333333333332
4366,Missouri,2020-06-03,14295,831,-31.0,3.0,7.0,64.0,-8.0,6.0,10.0,5.0,-23.857142857142858,-9.428571428571429,9.142857142857142,91.14285714285714,-16.571428571428573,7.857142857142857,6.428571428571429,30.28571428571428
4367,Missouri,2020-06-04,14583,833,-33.0,-5.0,10.0,84.0,-13.0,2.0,6.0,18.0,-23.714285714285715,-10.0,9.285714285714286,85.57142857142857,-17.285714285714285,6.285714285714286,7.857142857142857,28.28571428571429
4368,Missouri,2020-06-05,14750,840,-24.0,-3.0,8.0,125.0,-8.0,7.0,2.0,2.0,-23.714285714285715,-9.714285714285714,9.0,89.57142857142857,-17.285714285714285,6.571428571428571,6.285714285714286,29.61904761904762
4369,Missouri,2020-06-06,15039,848,-7.0,-14.0,2.0,141.0,-7.0,8.0,7.0,1.0,-24.0,-9.571428571428571,9.0,88.14285714285714,-17.0,5.142857142857143,6.571428571428571,29.19047619047619
4370,Missouri,2020-06-07,15129,850,-11.0,-4.0,1.0,112.0,-9.0,2.0,8.0,10.0,-24.285714285714285,-9.0,8.857142857142858,89.28571428571429,-15.714285714285714,5.142857142857143,5.142857142857143,29.71428571428572
4371,Missouri,2020-06-08,15351,854,-31.0,-5.0,9.0,79.0,-17.0,4.0,2.0,6.0,-24.285714285714285,-7.142857142857143,7.285714285714286,89.14285714285714,-13.428571428571429,5.571428571428571,5.142857142857143,29.76190476190476
4372,Missouri,2020-06-09,15562,862,-33.0,-7.0,10.0,62.0,-18.0,8.0,4.0,2.0,-24.285714285714285,-6.142857142857143,7.0,97.0,-12.0,5.285714285714286,5.571428571428571,32.61904761904762
4373,Missouri,2020-06-10,15750,865,-30.0,5.0,6.0,79.0,-10.0,3.0,8.0,7.0,-24.142857142857142,-5.142857142857143,6.714285714285714,102.57142857142857,-11.0,4.857142857142857,5.285714285714286,34.714285714285715
4374,Missouri,2020-06-11,15942,865,-31.0,-3.0,8.0,128.0,-11.0,0.0,3.0,8.0,-23.857142857142858,-4.285714285714286,6.428571428571429,108.71428571428571,-10.142857142857142,4.571428571428571,4.857142857142857,36.95238095238095
4375,Missouri,2020-06-12,15997,881,-23.0,0.0,6.0,163.0,-5.0,16.0,0.0,2.0,-23.714285714285715,-4.285714285714286,6.428571428571429,106.28571428571429,-10.142857142857142,5.857142857142857,4.571428571428571,36.142857142857146
4376,Missouri,2020-06-13,16232,885,-5.0,-10.0,0.0,176.0,-4.0,4.0,16.0,4.0,-23.428571428571427,-4.285714285714286,6.428571428571429,105.71428571428571,-10.428571428571429,5.285714285714286,5.857142857142857,35.95238095238095
4377,Missouri,2020-06-14,16262,885,-8.0,0.0,0.0,142.0,-5.0,0.0,4.0,8.0,-23.0,-4.285714285714286,6.428571428571429,104.28571428571429,-10.285714285714286,5.0,5.285714285714286,35.476190476190474
