,CountryOrState,Date,confirmed,deaths,work,retail,residential,parks,transit,dDeaths,dDeaths_1,dDeaths_5,aWork,aRetail,aResidential,aParks,aTransit,adDeaths,adDeaths_1,mob_idx
4738,Nevada,2020-03-29,920,15,-52.0,-47.0,14.0,-38.0,-62.0,5.0,0.0,0.0,-50.57142857142857,-30.0,13.571428571428571,-31.571428571428573,-38.57142857142857,1.8571428571428572,1.1428571428571428,-16.0
4739,Nevada,2020-03-30,1012,15,-51.0,-40.0,18.0,-29.0,-56.0,0.0,5.0,2.0,-51.0,-35.142857142857146,15.142857142857142,-34.857142857142854,-43.57142857142857,1.5714285714285714,1.8571428571428572,-18.28571428571429
4740,Nevada,2020-03-31,1114,26,-52.0,-37.0,19.0,-28.0,-51.0,11.0,0.0,4.0,-51.285714285714285,-39.142857142857146,16.571428571428573,-36.42857142857143,-47.57142857142857,3.142857142857143,1.5714285714285714,-19.666666666666668
4741,Nevada,2020-04-01,1279,31,-52.0,-37.0,20.0,-29.0,-50.0,5.0,11.0,0.0,-51.42857142857143,-41.142857142857146,17.428571428571427,-37.285714285714285,-50.714285714285715,3.5714285714285716,3.142857142857143,-20.333333333333332
4742,Nevada,2020-04-02,1463,38,-54.0,-40.0,21.0,-36.0,-57.0,7.0,5.0,0.0,-51.857142857142854,-42.0,18.0,-37.857142857142854,-52.285714285714285,4.0,3.5714285714285716,-20.619047619047617
4743,Nevada,2020-04-03,1514,43,-53.0,-41.0,22.0,-37.0,-57.0,5.0,7.0,5.0,-52.0,-42.714285714285715,18.285714285714285,-38.142857142857146,-53.42857142857143,4.714285714285714,4.0,-20.857142857142858
4744,Nevada,2020-04-04,1742,46,-53.0,-48.0,17.0,-53.0,-57.0,3.0,5.0,0.0,-52.42857142857143,-42.857142857142854,18.428571428571427,-39.285714285714285,-54.285714285714285,5.142857142857143,4.714285714285714,-21.238095238095237
4745,Nevada,2020-04-05,1855,46,-55.0,-49.0,15.0,-46.0,-64.0,0.0,3.0,11.0,-52.857142857142854,-43.0,18.571428571428573,-41.285714285714285,-55.0,4.428571428571429,5.142857142857143,-21.9047619047619
4746,Nevada,2020-04-06,1953,46,-54.0,-43.0,20.0,-46.0,-59.0,0.0,0.0,5.0,-53.285714285714285,-42.857142857142854,18.571428571428573,-40.142857142857146,-55.285714285714285,4.428571428571429,4.428571428571429,-21.476190476190478
4747,Nevada,2020-04-07,2124,72,-55.0,-42.0,21.0,-41.0,-55.0,26.0,0.0,7.0,-53.714285714285715,-42.42857142857143,18.571428571428573,-39.0,-55.285714285714285,6.571428571428571,4.428571428571429,-20.952380952380953
4748,Nevada,2020-04-08,2259,72,-55.0,-43.0,21.0,-42.0,-54.0,0.0,26.0,5.0,-54.142857142857146,-41.857142857142854,18.571428571428573,-37.142857142857146,-55.142857142857146,5.857142857142857,6.571428571428571,-20.142857142857142
4749,Nevada,2020-04-09,2456,81,-56.0,-43.0,22.0,-45.0,-57.0,9.0,0.0,3.0,-54.42857142857143,-41.57142857142857,18.571428571428573,-36.142857142857146,-55.285714285714285,6.142857142857143,5.857142857142857,-19.71428571428571
4750,Nevada,2020-04-10,2722,90,-56.0,-44.0,24.0,-44.0,-59.0,9.0,9.0,0.0,-54.857142857142854,-41.285714285714285,18.571428571428573,-35.142857142857146,-55.285714285714285,6.714285714285714,6.142857142857143,-19.28571428571429
4751,Nevada,2020-04-11,2702,102,-53.0,-45.0,16.0,-43.0,-55.0,12.0,9.0,0.0,-54.857142857142854,-41.42857142857143,18.714285714285715,-35.714285714285715,-55.714285714285715,8.0,6.714285714285714,-19.476190476190478
4752,Nevada,2020-04-12,2836,112,-56.0,-61.0,14.0,-48.0,-64.0,10.0,12.0,26.0,-55.0,-41.714285714285715,18.857142857142858,-36.857142857142854,-56.0,9.428571428571429,8.0,-19.9047619047619
4753,Nevada,2020-04-13,2990,114,-52.0,-46.0,20.0,-37.0,-56.0,2.0,10.0,0.0,-54.714285714285715,-42.142857142857146,19.142857142857142,-39.285714285714285,-56.42857142857143,9.714285714285714,9.428571428571429,-20.761904761904763
4754,Nevada,2020-04-14,3134,126,-53.0,-44.0,20.0,-34.0,-51.0,12.0,2.0,9.0,-54.42857142857143,-42.857142857142854,19.428571428571427,-41.142857142857146,-57.0,7.714285714285714,9.714285714285714,-21.523809523809522
4755,Nevada,2020-04-15,3211,131,-53.0,-38.0,20.0,-31.0,-48.0,5.0,12.0,9.0,-54.142857142857146,-43.714285714285715,19.571428571428573,-43.0,-57.57142857142857,8.428571428571429,7.714285714285714,-22.38095238095238
4756,Nevada,2020-04-16,3214,137,-53.0,-40.0,20.0,-36.0,-54.0,6.0,5.0,12.0,-53.714285714285715,-44.142857142857146,19.714285714285715,-44.285714285714285,-57.57142857142857,8.0,8.428571428571429,-22.90476190476191
4757,Nevada,2020-04-17,3524,142,-53.0,-44.0,22.0,-42.0,-55.0,5.0,6.0,10.0,-53.285714285714285,-44.57142857142857,20.0,-45.285714285714285,-57.857142857142854,7.428571428571429,8.0,-23.28571428571429
4758,Nevada,2020-04-18,3626,151,-51.0,-47.0,16.0,-51.0,-53.0,9.0,5.0,2.0,-53.0,-44.142857142857146,19.857142857142858,-43.857142857142854,-57.57142857142857,7.0,7.428571428571429,-22.71428571428571
4759,Nevada,2020-04-19,3728,158,-52.0,-46.0,13.0,-33.0,-60.0,7.0,9.0,12.0,-52.42857142857143,-45.857142857142854,19.714285714285715,-44.142857142857146,-57.57142857142857,6.571428571428571,7.0,-23.428571428571427
4760,Nevada,2020-04-20,3830,159,-51.0,-42.0,19.0,-38.0,-54.0,1.0,7.0,5.0,-52.285714285714285,-46.285714285714285,19.714285714285715,-42.857142857142854,-57.142857142857146,6.428571428571429,6.571428571428571,-23.14285714285714
4761,Nevada,2020-04-21,3937,163,-52.0,-39.0,20.0,-32.0,-50.0,4.0,1.0,6.0,-52.142857142857146,-46.57142857142857,19.571428571428573,-41.857142857142854,-56.57142857142857,5.285714285714286,6.428571428571429,-22.95238095238095
4762,Nevada,2020-04-22,4081,172,-52.0,-39.0,20.0,-29.0,-48.0,9.0,4.0,5.0,-52.0,-45.857142857142854,19.428571428571427,-40.285714285714285,-55.714285714285715,5.857142857142857,5.285714285714286,-22.238095238095237
4763,Nevada,2020-04-23,4208,195,-53.0,-41.0,20.0,-35.0,-53.0,23.0,9.0,9.0,-52.0,-45.42857142857143,19.142857142857142,-39.0,-55.285714285714285,8.285714285714286,5.857142857142857,-21.761904761904763
4764,Nevada,2020-04-24,4398,197,-53.0,-42.0,21.0,-37.0,-53.0,2.0,23.0,7.0,-52.0,-45.42857142857143,18.857142857142858,-38.714285714285715,-54.714285714285715,7.857142857142857,8.285714285714286,-21.761904761904763
4765,Nevada,2020-04-25,4539,205,-50.0,-45.0,15.0,-44.0,-51.0,8.0,2.0,1.0,-51.857142857142854,-45.714285714285715,18.857142857142858,-39.857142857142854,-54.42857142857143,7.714285714285714,7.857142857142857,-22.238095238095237
4766,Nevada,2020-04-26,4734,206,-52.0,-44.0,12.0,-28.0,-58.0,1.0,8.0,4.0,-51.857142857142854,-43.57142857142857,18.714285714285715,-37.714285714285715,-53.857142857142854,6.857142857142857,7.714285714285714,-20.857142857142858
4767,Nevada,2020-04-27,4700,206,-50.0,-38.0,18.0,-31.0,-52.0,0.0,1.0,9.0,-51.714285714285715,-43.0,18.571428571428573,-37.857142857142854,-53.57142857142857,6.714285714285714,6.857142857142857,-20.76190476190476
4768,Nevada,2020-04-28,4821,219,-52.0,-35.0,11.0,-30.0,-48.0,13.0,0.0,23.0,-51.714285714285715,-42.285714285714285,18.571428571428573,-37.57142857142857,-53.42857142857143,8.0,6.714285714285714,-20.428571428571427
4769,Nevada,2020-04-29,4934,230,-52.0,-36.0,19.0,-34.0,-46.0,11.0,13.0,2.0,-51.714285714285715,-42.42857142857143,18.571428571428573,-37.285714285714285,-53.42857142857143,8.285714285714286,8.0,-20.38095238095238
4770,Nevada,2020-04-30,5053,243,-52.0,-36.0,19.0,-36.0,-50.0,13.0,11.0,8.0,-51.57142857142857,-42.57142857142857,18.571428571428573,-37.142857142857146,-53.285714285714285,6.857142857142857,8.285714285714286,-20.38095238095238
4771,Nevada,2020-05-01,5248,246,-51.0,-37.0,20.0,-36.0,-50.0,3.0,13.0,1.0,-51.285714285714285,-42.285714285714285,18.428571428571427,-36.42857142857143,-53.0,7.0,6.857142857142857,-20.0952380952381
4772,Nevada,2020-05-02,5389,255,-48.0,-41.0,13.0,-44.0,-47.0,9.0,3.0,0.0,-51.0,-42.0,18.285714285714285,-35.42857142857143,-52.714285714285715,7.142857142857143,7.0,-19.714285714285715
4773,Nevada,2020-05-03,5472,258,-48.0,-40.0,11.0,-26.0,-55.0,3.0,9.0,13.0,-50.42857142857143,-41.714285714285715,18.142857142857142,-34.714285714285715,-52.42857142857143,7.428571428571429,7.142857142857143,-19.42857142857143
4774,Nevada,2020-05-04,5630,265,-48.0,-35.0,17.0,-27.0,-50.0,7.0,3.0,11.0,-50.142857142857146,-41.142857142857146,18.0,-33.714285714285715,-52.142857142857146,8.428571428571429,7.428571428571429,-18.952380952380953
4775,Nevada,2020-05-05,5660,270,-49.0,-32.0,17.0,-25.0,-45.0,5.0,7.0,13.0,-49.714285714285715,-40.57142857142857,16.714285714285715,-33.42857142857143,-51.857142857142854,7.285714285714286,8.428571428571429,-19.095238095238095
4776,Nevada,2020-05-06,5741,289,-49.0,-35.0,18.0,-27.0,-44.0,19.0,5.0,3.0,-49.285714285714285,-40.142857142857146,16.571428571428573,-34.142857142857146,-51.57142857142857,8.428571428571429,7.285714285714286,-19.23809523809524
4777,Nevada,2020-05-07,5855,297,-50.0,-35.0,18.0,-27.0,-48.0,8.0,19.0,9.0,-49.0,-39.42857142857143,16.428571428571427,-34.285714285714285,-51.142857142857146,7.714285714285714,8.428571428571429,-19.0952380952381
4778,Nevada,2020-05-08,5920,294,-49.0,-37.0,19.0,-32.0,-49.0,-3.0,8.0,3.0,-48.714285714285715,-38.714285714285715,16.285714285714285,-34.142857142857146,-50.714285714285715,6.857142857142857,7.714285714285714,-18.857142857142858
4779,Nevada,2020-05-09,6171,313,-44.0,-36.0,12.0,-40.0,-45.0,19.0,-3.0,7.0,-48.142857142857146,-38.142857142857146,16.0,-34.142857142857146,-50.142857142857146,8.285714285714286,6.857142857142857,-18.761904761904763
4780,Nevada,2020-05-10,6120,310,-42.0,-33.0,9.0,-28.0,-50.0,-3.0,19.0,5.0,-47.285714285714285,-37.57142857142857,15.857142857142858,-33.857142857142854,-49.714285714285715,7.428571428571429,8.285714285714286,-18.523809523809522
4781,Nevada,2020-05-11,6152,312,-46.0,-33.0,16.0,-30.0,-48.0,2.0,-3.0,19.0,-47.0,-37.142857142857146,15.714285714285714,-33.285714285714285,-49.42857142857143,6.714285714285714,7.428571428571429,-18.238095238095237
4782,Nevada,2020-05-12,6313,321,-46.0,-30.0,17.0,-34.0,-44.0,9.0,2.0,8.0,-46.57142857142857,-36.714285714285715,16.571428571428573,-32.57142857142857,-49.0,7.285714285714286,6.714285714285714,-17.57142857142857
4783,Nevada,2020-05-13,6476,331,-46.0,-28.0,17.0,-24.0,-42.0,10.0,9.0,-3.0,-46.142857142857146,-36.57142857142857,16.428571428571427,-31.571428571428573,-48.714285714285715,6.0,7.285714285714286,-17.238095238095237
4784,Nevada,2020-05-14,6504,333,-47.0,-30.0,17.0,-30.0,-46.0,2.0,10.0,19.0,-45.714285714285715,-36.42857142857143,16.285714285714285,-30.285714285714285,-48.42857142857143,5.142857142857143,6.0,-16.80952380952381
4785,Nevada,2020-05-15,6733,343,-46.0,-32.0,18.0,-30.0,-47.0,10.0,2.0,-3.0,-45.285714285714285,-36.42857142857143,16.142857142857142,-29.714285714285715,-48.285714285714285,7.0,5.142857142857143,-16.666666666666668
4786,Nevada,2020-05-16,6813,347,-41.0,-36.0,11.0,-37.0,-44.0,4.0,10.0,2.0,-44.857142857142854,-35.714285714285715,16.0,-29.142857142857142,-48.0,4.857142857142857,7.0,-16.28571428571429
4787,Nevada,2020-05-17,6949,350,-41.0,-35.0,10.0,-29.0,-50.0,3.0,4.0,9.0,-44.714285714285715,-34.714285714285715,15.714285714285714,-29.428571428571427,-47.285714285714285,5.714285714285714,4.857142857142857,-16.142857142857142
4788,Nevada,2020-05-18,7061,358,-42.0,-28.0,15.0,-30.0,-47.0,8.0,3.0,10.0,-44.142857142857146,-34.42857142857143,15.571428571428571,-29.857142857142858,-47.0,6.571428571428571,5.714285714285714,-16.23809523809524
4789,Nevada,2020-05-19,7096,358,-43.0,-25.0,16.0,-26.0,-43.0,0.0,8.0,2.0,-43.714285714285715,-34.142857142857146,15.571428571428571,-31.142857142857142,-46.857142857142854,5.285714285714286,6.571428571428571,-16.571428571428573
4790,Nevada,2020-05-20,7388,377,-43.0,-23.0,15.0,-16.0,-40.0,19.0,0.0,10.0,-43.285714285714285,-33.142857142857146,15.428571428571429,-30.714285714285715,-46.57142857142857,6.571428571428571,5.285714285714286,-16.142857142857142
4791,Nevada,2020-05-21,7400,383,-44.0,-24.0,15.0,-19.0,-41.0,6.0,19.0,4.0,-42.857142857142854,-32.42857142857143,15.285714285714286,-31.142857142857142,-46.285714285714285,7.142857142857143,6.571428571428571,-16.0952380952381
4792,Nevada,2020-05-22,7525,386,-44.0,-28.0,16.0,-34.0,-42.0,3.0,6.0,3.0,-42.57142857142857,-31.714285714285715,15.142857142857142,-30.857142857142858,-46.0,6.142857142857143,7.142857142857143,-15.80952380952381
4793,Nevada,2020-05-23,7526,387,-38.0,-32.0,10.0,-32.0,-40.0,1.0,3.0,8.0,-42.142857142857146,-31.714285714285715,15.0,-30.428571428571427,-45.857142857142854,5.714285714285714,6.142857142857143,-15.714285714285714
4794,Nevada,2020-05-24,7881,380,-40.0,-29.0,7.0,-2.0,-46.0,-7.0,1.0,0.0,-42.0,-32.0,15.142857142857142,-30.571428571428573,-45.857142857142854,4.285714285714286,5.714285714285714,-15.80952380952381
4795,Nevada,2020-05-25,7956,394,-68.0,-29.0,19.0,3.0,-47.0,14.0,-7.0,19.0,-45.714285714285715,-31.285714285714285,15.0,-30.571428571428573,-45.714285714285715,5.142857142857143,4.285714285714286,-15.61904761904762
4796,Nevada,2020-05-26,8057,394,-42.0,-25.0,14.0,-21.0,-42.0,0.0,14.0,6.0,-45.57142857142857,-30.571428571428573,14.857142857142858,-29.428571428571427,-45.57142857142857,5.142857142857143,5.142857142857143,-15.047619047619046
4797,Nevada,2020-05-27,8150,402,-41.0,-23.0,14.0,-21.0,-39.0,8.0,0.0,3.0,-45.285714285714285,-29.857142857142858,14.571428571428571,-28.285714285714285,-45.285714285714285,3.5714285714285716,5.142857142857143,-14.523809523809524
4798,Nevada,2020-05-28,8248,406,-42.0,-24.0,15.0,-27.0,-42.0,4.0,8.0,1.0,-45.0,-29.0,14.285714285714286,-26.714285714285715,-44.57142857142857,3.2857142857142856,3.5714285714285716,-13.80952380952381
4799,Nevada,2020-05-29,8376,406,-41.0,-27.0,16.0,-33.0,-43.0,0.0,4.0,-7.0,-44.57142857142857,-28.428571428571427,14.0,-27.285714285714285,-43.857142857142854,2.857142857142857,3.2857142857142856,-13.904761904761903
4800,Nevada,2020-05-30,8517,417,-30.0,-30.0,10.0,-43.0,-41.0,11.0,0.0,14.0,-43.42857142857143,-27.857142857142858,13.857142857142858,-26.571428571428573,-43.285714285714285,4.285714285714286,2.857142857142857,-13.523809523809524
4801,Nevada,2020-05-31,8628,417,-32.0,-28.0,8.0,-19.0,-45.0,0.0,11.0,0.0,-42.285714285714285,-27.0,13.428571428571429,-22.714285714285715,-42.714285714285715,5.285714285714286,4.285714285714286,-12.095238095238095
4802,Nevada,2020-06-01,8702,417,-37.0,-21.0,13.0,-24.0,-41.0,0.0,0.0,8.0,-37.857142857142854,-27.142857142857142,14.0,-18.0,-42.714285714285715,3.2857142857142856,5.285714285714286,-10.380952380952381
4803,Nevada,2020-06-02,8858,417,-38.0,-19.0,13.0,-20.0,-39.0,0.0,0.0,4.0,-37.285714285714285,-27.142857142857142,13.714285714285714,-17.285714285714285,-42.57142857142857,3.2857142857142856,3.2857142857142856,-10.238095238095239
4804,Nevada,2020-06-03,8951,431,-38.0,-18.0,13.0,-19.0,-37.0,14.0,0.0,0.0,-36.857142857142854,-27.142857142857142,13.571428571428571,-18.0,-42.42857142857143,4.142857142857143,3.2857142857142856,-10.523809523809524
4805,Nevada,2020-06-04,9129,430,-38.0,-18.0,12.0,-16.0,-35.0,-1.0,14.0,11.0,-36.285714285714285,-27.142857142857142,13.571428571428571,-19.142857142857142,-42.57142857142857,3.4285714285714284,4.142857142857143,-10.904761904761905
4806,Nevada,2020-06-05,9309,436,-38.0,-20.0,13.0,-16.0,-35.0,6.0,-1.0,0.0,-35.857142857142854,-27.0,13.571428571428571,-19.0,-42.714285714285715,4.285714285714286,3.4285714285714284,-10.80952380952381
4807,Nevada,2020-06-06,9491,437,-28.0,-22.0,7.0,-25.0,-30.0,1.0,6.0,0.0,-35.57142857142857,-26.714285714285715,13.571428571428571,-20.571428571428573,-42.857142857142854,2.857142857142857,4.285714285714286,-11.238095238095239
4808,Nevada,2020-06-07,9669,438,-29.0,-19.0,6.0,-5.0,-35.0,1.0,1.0,0.0,-35.142857142857146,-26.571428571428573,13.714285714285714,-23.0,-42.714285714285715,3.0,2.857142857142857,-11.952380952380954
4809,Nevada,2020-06-08,9816,442,-36.0,-15.0,11.0,-2.0,-33.0,4.0,1.0,14.0,-35.0,-25.428571428571427,12.857142857142858,-26.857142857142858,-41.857142857142854,3.5714285714285716,3.0,-13.142857142857144
4810,Nevada,2020-06-09,10045,446,-36.0,-12.0,11.0,2.0,-32.0,4.0,4.0,-1.0,-34.714285714285715,-24.571428571428573,12.714285714285714,-26.714285714285715,-41.42857142857143,4.142857142857143,3.5714285714285716,-12.85714285714286
4811,Nevada,2020-06-10,10218,449,-37.0,-13.0,11.0,-2.0,-33.0,3.0,4.0,6.0,-34.57142857142857,-23.857142857142858,12.571428571428571,-26.428571428571427,-41.142857142857146,2.5714285714285716,4.142857142857143,-12.571428571428571
4812,Nevada,2020-06-11,10473,459,-38.0,-16.0,11.0,-10.0,-36.0,10.0,3.0,1.0,-34.57142857142857,-23.0,12.142857142857142,-24.857142857142858,-40.142857142857146,4.142857142857143,2.5714285714285716,-11.904761904761905
4813,Nevada,2020-06-12,10704,461,-38.0,-19.0,12.0,-16.0,-36.0,2.0,10.0,1.0,-34.57142857142857,-22.0,11.714285714285714,-22.428571428571427,-39.0,3.5714285714285716,4.142857142857143,-10.904761904761905
4814,Nevada,2020-06-13,10997,462,-27.0,-20.0,6.0,-16.0,-32.0,1.0,2.0,4.0,-34.42857142857143,-20.857142857142858,11.285714285714286,-19.857142857142858,-37.42857142857143,3.5714285714285716,3.5714285714285716,-9.80952380952381
4815,Nevada,2020-06-14,11201,463,-27.0,-17.0,5.0,7.0,-35.0,1.0,1.0,4.0,-34.142857142857146,-19.571428571428573,11.0,-17.857142857142858,-36.0,3.5714285714285716,3.5714285714285716,-8.80952380952381
