,CountryOrState,Date,confirmed,deaths,work,retail,residential,parks,transit,dDeaths,dDeaths_1,dDeaths_5,aWork,aRetail,aResidential,aParks,aTransit,adDeaths,adDeaths_1,mob_idx
3573,Maryland,2020-04-01,1986,31,-56.0,-43.0,25.0,-14.0,-56.0,13.0,3.0,1.0,-48.0,-34.857142857142854,17.857142857142858,15.142857142857142,-47.285714285714285,3.857142857142857,2.0,-0.6190476190476181
3574,Maryland,2020-04-02,2331,36,-56.0,-42.0,25.0,0.0,-56.0,5.0,13.0,0.0,-48.714285714285715,-36.57142857142857,18.571428571428573,16.714285714285715,-48.857142857142854,4.571428571428571,3.857142857142857,-0.42857142857142705
3575,Maryland,2020-04-03,2758,43,-54.0,-41.0,26.0,-1.0,-54.0,7.0,5.0,5.0,-49.42857142857143,-38.285714285714285,19.285714285714285,14.857142857142858,-50.142857142857146,5.428571428571429,4.571428571428571,-1.3809523809523807
3576,Maryland,2020-04-04,3125,54,-39.0,-47.0,16.0,1.0,-50.0,11.0,7.0,5.0,-49.857142857142854,-40.0,19.857142857142858,6.0,-52.285714285714285,7.0,5.428571428571429,-4.714285714285714
3577,Maryland,2020-04-05,3617,67,-42.0,-47.0,14.0,35.0,-53.0,13.0,11.0,3.0,-50.285714285714285,-40.714285714285715,20.142857142857142,5.428571428571429,-53.142857142857146,8.142857142857142,7.0,-5.047619047619048
3578,Maryland,2020-04-06,4045,91,-55.0,-40.0,23.0,20.0,-55.0,24.0,13.0,13.0,-51.0,-39.42857142857143,19.857142857142858,15.857142857142858,-52.57142857142857,10.857142857142858,8.142857142857142,-1.2380952380952384
3579,Maryland,2020-04-07,4371,103,-56.0,-41.0,25.0,7.0,-57.0,12.0,24.0,5.0,-51.142857142857146,-40.857142857142854,20.428571428571427,7.714285714285714,-53.857142857142854,12.142857142857142,10.857142857142858,-4.238095238095237
3580,Maryland,2020-04-08,5529,124,-57.0,-40.0,24.0,34.0,-55.0,21.0,12.0,7.0,-51.285714285714285,-40.714285714285715,20.571428571428573,11.857142857142858,-53.57142857142857,13.285714285714286,12.142857142857142,-2.7619047619047614
3581,Maryland,2020-04-09,6185,138,-58.0,-42.0,26.0,-12.0,-58.0,14.0,21.0,11.0,-51.57142857142857,-41.57142857142857,21.0,4.285714285714286,-54.142857142857146,14.571428571428571,13.285714285714286,-5.428571428571428
3582,Maryland,2020-04-10,6968,171,-59.0,-43.0,28.0,-27.0,-60.0,33.0,14.0,13.0,-52.285714285714285,-41.857142857142854,21.428571428571427,-1.7142857142857142,-54.57142857142857,18.285714285714285,14.571428571428571,-7.3809523809523805
3583,Maryland,2020-04-11,7694,206,-39.0,-43.0,15.0,24.0,-49.0,35.0,33.0,24.0,-52.285714285714285,-41.714285714285715,21.428571428571427,2.4285714285714284,-54.142857142857146,21.714285714285715,18.285714285714285,-5.952380952380953
3584,Maryland,2020-04-12,8225,236,-46.0,-60.0,15.0,5.0,-55.0,30.0,35.0,12.0,-52.857142857142854,-42.0,21.571428571428573,3.2857142857142856,-54.42857142857143,24.142857142857142,21.714285714285715,-5.714285714285714
3585,Maryland,2020-04-13,8936,262,-58.0,-49.0,27.0,-29.0,-62.0,26.0,30.0,21.0,-53.285714285714285,-44.0,22.0,2.142857142857143,-54.857142857142854,24.428571428571427,24.142857142857142,-6.6190476190476195
3586,Maryland,2020-04-14,9472,302,-55.0,-39.0,24.0,15.0,-55.0,40.0,26.0,14.0,-53.142857142857146,-43.0,22.0,6.857142857142857,-54.42857142857143,28.428571428571427,24.428571428571427,-4.714285714285714
3587,Maryland,2020-04-15,10032,311,-55.0,-37.0,24.0,2.0,-53.0,9.0,40.0,33.0,-52.857142857142854,-42.57142857142857,21.857142857142858,13.714285714285714,-54.285714285714285,26.714285714285715,28.428571428571427,-2.3333333333333326
3588,Maryland,2020-04-16,10784,319,-56.0,-38.0,25.0,-3.0,-56.0,8.0,9.0,35.0,-52.57142857142857,-42.57142857142857,22.0,12.0,-54.57142857142857,25.857142857142858,26.714285714285715,-2.8571428571428563
3589,Maryland,2020-04-17,11572,334,-54.0,-40.0,26.0,-7.0,-55.0,15.0,8.0,30.0,-51.857142857142854,-42.857142857142854,22.285714285714285,8.285714285714286,-55.42857142857143,23.285714285714285,25.857142857142858,-4.095238095238094
3590,Maryland,2020-04-18,12326,421,-37.0,-45.0,16.0,-14.0,-50.0,87.0,15.0,26.0,-51.57142857142857,-42.285714285714285,22.142857142857142,11.571428571428571,-55.285714285714285,30.714285714285715,23.285714285714285,-2.857142857142857
3591,Maryland,2020-04-19,12847,461,-40.0,-45.0,13.0,40.0,-51.0,40.0,87.0,40.0,-50.714285714285715,-44.142857142857146,22.285714285714285,7.285714285714286,-55.57142857142857,32.142857142857146,30.714285714285715,-4.8571428571428585
3592,Maryland,2020-04-20,13684,582,-54.0,-39.0,23.0,0.0,-56.0,121.0,40.0,9.0,-50.142857142857146,-45.42857142857143,22.857142857142858,0.2857142857142857,-56.57142857142857,45.714285714285715,32.142857142857146,-7.42857142857143
3593,Maryland,2020-04-21,14193,652,-55.0,-39.0,24.0,1.0,-56.0,70.0,121.0,8.0,-50.142857142857146,-45.142857142857146,22.714285714285715,1.4285714285714286,-56.285714285714285,50.0,45.714285714285715,-7.000000000000001
3594,Maryland,2020-04-22,14775,698,-55.0,-36.0,24.0,19.0,-54.0,46.0,70.0,15.0,-50.142857142857146,-44.714285714285715,22.714285714285715,-3.142857142857143,-56.0,55.285714285714285,50.0,-8.380952380952381
3595,Maryland,2020-04-23,15737,748,-55.0,-40.0,25.0,-18.0,-58.0,50.0,46.0,87.0,-50.0,-44.142857142857146,22.571428571428573,-1.8571428571428572,-55.714285714285715,61.285714285714285,55.285714285714285,-7.80952380952381
3596,Maryland,2020-04-24,16616,798,-55.0,-42.0,27.0,-26.0,-59.0,50.0,50.0,40.0,-50.142857142857146,-43.714285714285715,22.285714285714285,1.0,-55.0,66.28571428571429,61.285714285714285,-6.80952380952381
3597,Maryland,2020-04-25,17766,875,-35.0,-41.0,14.0,55.0,-43.0,77.0,50.0,121.0,-49.857142857142854,-44.0,22.428571428571427,-4.428571428571429,-55.142857142857146,64.85714285714286,66.28571428571429,-8.666666666666666
3598,Maryland,2020-04-26,18581,910,-42.0,-49.0,15.0,-41.0,-57.0,35.0,77.0,70.0,-50.142857142857146,-41.857142857142854,22.142857142857142,0.5714285714285714,-54.57142857142857,64.14285714285714,64.85714285714286,-6.38095238095238
3599,Maryland,2020-04-27,19487,945,-53.0,-38.0,23.0,-12.0,-56.0,35.0,35.0,46.0,-50.0,-40.42857142857143,21.571428571428573,4.714285714285714,-53.714285714285715,51.857142857142854,64.14285714285714,-4.714285714285714
3600,Maryland,2020-04-28,20113,1016,-54.0,-36.0,18.0,4.0,-54.0,71.0,35.0,50.0,-49.857142857142854,-40.42857142857143,21.571428571428573,2.7142857142857144,-53.857142857142854,52.0,51.857142857142854,-5.3809523809523805
3601,Maryland,2020-04-29,20849,1078,-54.0,-33.0,22.0,45.0,-51.0,62.0,71.0,50.0,-49.714285714285715,-40.285714285714285,21.571428571428573,5.142857142857143,-54.0,54.285714285714285,52.0,-4.523809523809523
3602,Maryland,2020-04-30,21742,1140,-57.0,-44.0,27.0,-44.0,-62.0,62.0,62.0,77.0,-50.0,-40.57142857142857,21.571428571428573,3.0,-54.285714285714285,56.0,54.285714285714285,-5.333333333333332
3603,Maryland,2020-05-01,23472,1080,-52.0,-34.0,24.0,14.0,-51.0,-60.0,62.0,35.0,-49.57142857142857,-40.857142857142854,21.714285714285715,0.2857142857142857,-54.857142857142854,40.285714285714285,56.0,-6.285714285714285
3604,Maryland,2020-05-02,24473,1251,-32.0,-34.0,11.0,115.0,-33.0,171.0,-60.0,35.0,-49.142857142857146,-40.285714285714285,21.428571428571427,10.142857142857142,-53.857142857142854,53.714285714285715,40.285714285714285,-2.904761904761905
3605,Maryland,2020-05-03,25462,1281,-36.0,-40.0,12.0,31.0,-46.0,30.0,171.0,71.0,-48.285714285714285,-40.857142857142854,21.714285714285715,-1.4285714285714286,-54.714285714285715,53.0,53.714285714285715,-6.857142857142855
3606,Maryland,2020-05-04,26408,1317,-51.0,-30.0,21.0,38.0,-51.0,36.0,30.0,62.0,-48.0,-40.714285714285715,21.714285714285715,-3.142857142857143,-54.714285714285715,53.142857142857146,53.0,-7.3809523809523805
3607,Maryland,2020-05-05,27117,1390,-52.0,-30.0,22.0,20.0,-51.0,73.0,36.0,62.0,-47.714285714285715,-40.285714285714285,20.857142857142858,-2.7142857142857144,-54.42857142857143,53.42857142857143,53.142857142857146,-7.3809523809523805
3608,Maryland,2020-05-06,28163,1437,-54.0,-38.0,24.0,-29.0,-57.0,47.0,73.0,-60.0,-47.714285714285715,-39.857142857142854,20.571428571428573,1.0,-54.0,51.285714285714285,53.42857142857143,-6.095238095238094
3609,Maryland,2020-05-07,29374,1503,-53.0,-30.0,22.0,66.0,-48.0,66.0,47.0,171.0,-47.142857142857146,-40.42857142857143,20.857142857142858,-2.7142857142857144,-54.57142857142857,51.857142857142854,51.285714285714285,-7.42857142857143
3610,Maryland,2020-05-08,30485,1560,-51.0,-37.0,24.0,-11.0,-51.0,57.0,66.0,30.0,-47.0,-39.285714285714285,20.428571428571427,3.0,-53.42857142857143,68.57142857142857,51.857142857142854,-5.285714285714286
3611,Maryland,2020-05-09,31534,1614,-31.0,-35.0,13.0,9.0,-42.0,54.0,57.0,36.0,-46.857142857142854,-38.285714285714285,20.0,11.571428571428571,-52.0,51.857142857142854,68.57142857142857,-2.2380952380952377
3612,Maryland,2020-05-10,32587,1644,-32.0,-30.0,9.0,81.0,-40.0,30.0,54.0,73.0,-46.285714285714285,-37.0,19.571428571428573,21.857142857142858,-50.42857142857143,51.857142857142854,51.857142857142854,1.476190476190477
3613,Maryland,2020-05-11,33373,1683,-51.0,-36.0,22.0,1.0,-52.0,39.0,30.0,47.0,-46.285714285714285,-35.857142857142854,19.285714285714285,29.0,-49.714285714285715,52.285714285714285,51.857142857142854,4.142857142857143
3614,Maryland,2020-05-12,34061,1756,-51.0,-31.0,21.0,42.0,-49.0,73.0,39.0,66.0,-46.142857142857146,-35.0,19.857142857142858,31.285714285714285,-49.285714285714285,52.285714285714285,52.285714285714285,5.3809523809523805
3615,Maryland,2020-05-13,34812,1809,-51.0,-30.0,21.0,75.0,-46.0,53.0,73.0,57.0,-45.714285714285715,-35.714285714285715,20.142857142857142,20.714285714285715,-50.142857142857146,53.142857142857146,52.285714285714285,1.7142857142857142
3616,Maryland,2020-05-14,35903,1866,-52.0,-31.0,21.0,53.0,-48.0,57.0,53.0,54.0,-45.57142857142857,-33.714285714285715,19.428571428571427,36.42857142857143,-48.142857142857146,51.857142857142854,53.142857142857146,7.3809523809523805
3617,Maryland,2020-05-15,36986,1911,-50.0,-30.0,21.0,92.0,-45.0,45.0,57.0,30.0,-45.42857142857143,-34.142857142857146,19.428571428571427,32.857142857142854,-48.142857142857146,50.142857142857146,51.857142857142854,6.047619047619045
3618,Maryland,2020-05-16,37968,1957,-28.0,-32.0,10.0,144.0,-33.0,46.0,45.0,39.0,-45.0,-34.285714285714285,19.714285714285715,17.714285714285715,-49.42857142857143,49.0,50.142857142857146,1.0476190476190486
3619,Maryland,2020-05-17,38804,1992,-30.0,-35.0,10.0,66.0,-42.0,35.0,46.0,73.0,-44.714285714285715,-32.857142857142854,19.285714285714285,24.857142857142858,-48.57142857142857,49.714285714285715,49.0,3.7619047619047628
3620,Maryland,2020-05-18,39762,2023,-49.0,-31.0,20.0,17.0,-50.0,31.0,35.0,53.0,-44.42857142857143,-33.714285714285715,19.428571428571427,19.571428571428573,-48.714285714285715,48.57142857142857,49.714285714285715,1.7619047619047616
3621,Maryland,2020-05-19,41546,2081,-49.0,-26.0,20.0,47.0,-47.0,58.0,31.0,57.0,-44.142857142857146,-33.857142857142854,19.285714285714285,22.714285714285715,-48.42857142857143,46.42857142857143,48.57142857142857,2.7142857142857153
3622,Maryland,2020-05-20,42323,2123,-50.0,-27.0,21.0,43.0,-45.0,42.0,58.0,45.0,-44.0,-32.714285714285715,18.857142857142858,37.57142857142857,-46.857142857142854,44.857142857142854,46.42857142857143,7.904761904761904
3623,Maryland,2020-05-21,43531,2159,-50.0,-26.0,21.0,61.0,-44.0,36.0,42.0,46.0,-43.714285714285715,-32.857142857142854,18.714285714285715,35.714285714285715,-46.857142857142854,41.857142857142854,44.857142857142854,7.1904761904761925
3624,Maryland,2020-05-22,44424,2207,-50.0,-33.0,23.0,10.0,-48.0,48.0,36.0,35.0,-43.714285714285715,-31.857142857142858,18.285714285714285,50.42857142857143,-46.0,42.285714285714285,41.857142857142854,12.285714285714286
3625,Maryland,2020-05-23,45495,2243,-24.0,-29.0,9.0,150.0,-29.0,36.0,48.0,31.0,-43.142857142857146,-31.428571428571427,17.857142857142858,69.71428571428571,-44.714285714285715,40.857142857142854,42.285714285714285,18.71428571428571
3626,Maryland,2020-05-24,46313,2277,-28.0,-32.0,9.0,110.0,-38.0,34.0,36.0,58.0,-42.857142857142854,-32.142857142857146,18.0,67.57142857142857,-45.0,40.714285714285715,40.857142857142854,17.809523809523807
3627,Maryland,2020-05-25,47152,2302,-75.0,-31.0,25.0,163.0,-54.0,25.0,34.0,42.0,-46.57142857142857,-31.428571428571427,17.714285714285715,69.85714285714286,-44.714285714285715,39.857142857142854,40.714285714285715,18.71428571428572
3628,Maryland,2020-05-26,47687,2333,-48.0,-25.0,18.0,103.0,-42.0,31.0,25.0,36.0,-46.42857142857143,-30.714285714285715,17.571428571428573,70.57142857142857,-44.42857142857143,36.0,39.857142857142854,19.142857142857142
3629,Maryland,2020-05-27,48423,2392,-48.0,-25.0,19.0,81.0,-42.0,59.0,31.0,48.0,-46.142857142857146,-30.285714285714285,17.571428571428573,66.0,-44.285714285714285,38.42857142857143,36.0,17.761904761904763
3630,Maryland,2020-05-28,49709,2428,-48.0,-28.0,21.0,27.0,-46.0,36.0,59.0,36.0,-45.857142857142854,-29.571428571428573,17.571428571428573,67.14285714285714,-43.714285714285715,38.42857142857143,38.42857142857143,18.38095238095238
3631,Maryland,2020-05-29,50988,2466,-46.0,-28.0,20.0,63.0,-42.0,38.0,36.0,34.0,-45.285714285714285,-30.0,17.857142857142858,55.42857142857143,-44.142857142857146,37.0,38.42857142857143,14.42857142857143
3632,Maryland,2020-05-30,52015,2509,-15.0,-27.0,8.0,168.0,-24.0,43.0,38.0,25.0,-44.0,-29.571428571428573,17.714285714285715,56.285714285714285,-43.57142857142857,38.0,37.0,14.80952380952381
3633,Maryland,2020-05-31,52778,2532,-19.0,-25.0,7.0,172.0,-28.0,23.0,43.0,31.0,-42.714285714285715,-29.142857142857142,17.571428571428573,62.57142857142857,-43.0,36.42857142857143,38.0,17.0
3634,Maryland,2020-06-01,53327,2552,-45.0,-20.0,17.0,78.0,-40.0,20.0,23.0,59.0,-38.42857142857143,-29.142857142857142,18.285714285714285,83.42857142857143,-43.57142857142857,35.714285714285715,36.42857142857143,24.19047619047619
3635,Maryland,2020-06-02,54175,2597,-46.0,-19.0,17.0,95.0,-38.0,45.0,20.0,36.0,-38.142857142857146,-29.0,18.0,91.42857142857143,-42.857142857142854,37.714285714285715,35.714285714285715,26.80952380952381
3636,Maryland,2020-06-03,54982,2641,-46.0,-20.0,18.0,82.0,-40.0,44.0,45.0,38.0,-37.857142857142854,-28.714285714285715,17.714285714285715,96.85714285714286,-42.42857142857143,35.57142857142857,37.714285714285715,28.61904761904762
3637,Maryland,2020-06-04,55858,2668,-46.0,-22.0,18.0,63.0,-42.0,27.0,44.0,43.0,-37.57142857142857,-29.0,17.714285714285715,92.0,-42.714285714285715,34.285714285714285,35.57142857142857,26.90476190476191
3638,Maryland,2020-06-05,56770,2702,-44.0,-27.0,19.0,50.0,-42.0,34.0,27.0,23.0,-37.285714285714285,-28.285714285714285,17.285714285714285,99.57142857142857,-41.857142857142854,33.714285714285715,34.285714285714285,29.523809523809522
3639,Maryland,2020-06-06,57482,2740,-15.0,-24.0,6.0,159.0,-22.0,38.0,34.0,20.0,-37.285714285714285,-28.0,17.142857142857142,102.14285714285714,-41.142857142857146,33.0,33.714285714285715,30.428571428571427
3640,Maryland,2020-06-07,57973,2749,-18.0,-21.0,6.0,192.0,-25.0,9.0,38.0,45.0,-37.142857142857146,-27.0,16.857142857142858,111.0,-39.714285714285715,31.0,33.0,33.61904761904762
3641,Maryland,2020-06-08,58404,2776,-43.0,-19.0,16.0,93.0,-39.0,27.0,9.0,44.0,-36.857142857142854,-25.428571428571427,15.714285714285714,98.85714285714286,-37.714285714285715,32.0,31.0,29.71428571428572
3642,Maryland,2020-06-09,58904,2811,-44.0,-17.0,16.0,114.0,-38.0,35.0,27.0,27.0,-36.57142857142857,-24.571428571428573,15.571428571428571,97.71428571428571,-37.142857142857146,30.571428571428573,32.0,29.57142857142857
3643,Maryland,2020-06-10,59465,2844,-45.0,-19.0,17.0,78.0,-39.0,33.0,35.0,34.0,-36.42857142857143,-23.857142857142858,15.428571428571429,97.85714285714286,-36.857142857142854,29.0,30.571428571428573,29.80952380952381
3644,Maryland,2020-06-11,60197,2875,-45.0,-21.0,18.0,60.0,-42.0,31.0,33.0,38.0,-36.285714285714285,-23.0,15.0,103.0,-36.285714285714285,29.571428571428573,29.0,31.666666666666668
3645,Maryland,2020-06-12,60613,2900,-42.0,-20.0,15.0,124.0,-35.0,25.0,31.0,9.0,-36.0,-22.857142857142858,14.857142857142858,101.14285714285714,-36.285714285714285,28.285714285714285,29.571428571428573,31.047619047619047
3646,Maryland,2020-06-13,61305,2926,-11.0,-20.0,5.0,219.0,-19.0,26.0,25.0,27.0,-35.42857142857143,-22.428571428571427,14.571428571428571,99.85714285714286,-36.0,26.571428571428573,28.285714285714285,30.666666666666668
3647,Maryland,2020-06-14,61701,2939,-16.0,-19.0,5.0,180.0,-25.0,13.0,26.0,35.0,-35.142857142857146,-21.857142857142858,14.428571428571429,102.71428571428571,-35.57142857142857,27.142857142857142,26.571428571428573,31.76190476190476
