,CountryOrState,Date,confirmed,deaths,work,retail,residential,parks,transit,dDeaths,dDeaths_1,dDeaths_5,aWork,aRetail,aResidential,aParks,aTransit,adDeaths,adDeaths_1,mob_idx
938,Colorado,2020-03-25,1087,20,-49.0,-35.0,19.0,32.0,-50.0,9.0,4.0,0.0,-41.714285714285715,-12.142857142857142,7.0,15.285714285714286,-20.285714285714285,2.4285714285714284,1.1428571428571428,3.3809523809523814
939,Colorado,2020-03-26,1430,19,-53.0,-50.0,22.0,4.0,-57.0,-1.0,9.0,1.0,-42.57142857142857,-19.571428571428573,10.0,4.714285714285714,-27.285714285714285,2.0,2.4285714285714284,-1.6190476190476195
940,Colorado,2020-03-27,1738,31,-53.0,-53.0,25.0,-42.0,-60.0,12.0,-1.0,1.0,-43.57142857142857,-24.714285714285715,12.285714285714286,1.7142857142857142,-31.714285714285715,3.7142857142857144,2.0,-3.5714285714285716
941,Colorado,2020-03-28,2061,44,-40.0,-56.0,17.0,-39.0,-59.0,13.0,12.0,0.0,-45.142857142857146,-28.857142857142858,13.428571428571429,0.42857142857142855,-35.857142857142854,5.428571428571429,3.7142857142857144,-5.0
942,Colorado,2020-03-29,2308,47,-40.0,-51.0,13.0,-12.0,-60.0,3.0,13.0,4.0,-46.142857142857146,-32.714285714285715,14.285714285714286,-0.42857142857142855,-40.0,5.714285714285714,5.428571428571429,-6.285714285714286
943,Colorado,2020-03-30,2627,51,-50.0,-44.0,19.0,0.0,-56.0,4.0,3.0,9.0,-47.42857142857143,-36.142857142857146,15.571428571428571,-4.142857142857143,-43.42857142857143,6.285714285714286,5.714285714285714,-8.238095238095239
944,Colorado,2020-03-31,2966,69,-53.0,-40.0,20.0,23.0,-52.0,18.0,4.0,-1.0,-48.285714285714285,-37.714285714285715,16.285714285714285,-1.0,-46.0,8.285714285714286,6.285714285714286,-7.476190476190477
945,Colorado,2020-04-01,3342,79,-54.0,-41.0,21.0,16.0,-54.0,10.0,18.0,12.0,-49.0,-39.0,17.0,-3.5714285714285716,-48.57142857142857,8.428571428571429,8.285714285714286,-8.523809523809524
946,Colorado,2020-04-02,3728,97,-56.0,-48.0,24.0,-46.0,-63.0,18.0,10.0,13.0,-49.42857142857143,-39.57142857142857,17.0,4.428571428571429,-48.57142857142857,11.142857142857142,8.428571428571429,-6.047619047619047
947,Colorado,2020-04-03,4173,111,-54.0,-47.0,25.0,-37.0,-60.0,14.0,18.0,3.0,-49.57142857142857,-41.142857142857146,17.571428571428573,4.571428571428571,-50.285714285714285,11.428571428571429,11.142857142857142,-6.333333333333333
948,Colorado,2020-04-04,4565,126,-40.0,-50.0,16.0,-21.0,-57.0,15.0,14.0,4.0,-49.57142857142857,-43.0,18.142857142857142,2.7142857142857144,-52.42857142857143,11.714285714285714,11.428571428571429,-7.3809523809523805
949,Colorado,2020-04-05,4950,140,-41.0,-47.0,12.0,10.0,-58.0,14.0,15.0,18.0,-49.714285714285715,-44.42857142857143,18.571428571428573,-0.42857142857142855,-54.285714285714285,13.285714285714286,11.714285714285714,-8.761904761904761
950,Colorado,2020-04-06,5183,150,-51.0,-41.0,19.0,31.0,-55.0,10.0,14.0,10.0,-49.857142857142854,-46.285714285714285,19.0,-3.0,-55.57142857142857,14.142857142857142,13.285714285714286,-10.095238095238095
951,Colorado,2020-04-07,5429,179,-55.0,-41.0,21.0,22.0,-53.0,29.0,10.0,18.0,-50.142857142857146,-47.0,19.285714285714285,-4.857142857142857,-56.285714285714285,15.714285714285714,14.142857142857142,-10.857142857142856
952,Colorado,2020-04-08,5655,193,-55.0,-41.0,21.0,22.0,-54.0,14.0,29.0,14.0,-50.285714285714285,-47.857142857142854,19.571428571428573,-7.142857142857143,-56.857142857142854,16.285714285714285,15.714285714285714,-11.809523809523808
953,Colorado,2020-04-09,6202,226,-55.0,-42.0,22.0,12.0,-56.0,33.0,14.0,15.0,-50.142857142857146,-47.57142857142857,19.857142857142858,-14.285714285714286,-57.714285714285715,18.428571428571427,16.285714285714285,-14.0
954,Colorado,2020-04-10,6513,250,-55.0,-43.0,23.0,9.0,-56.0,24.0,33.0,14.0,-50.285714285714285,-46.714285714285715,19.857142857142858,-13.571428571428571,-57.714285714285715,19.857142857142858,18.428571428571427,-13.476190476190476
955,Colorado,2020-04-11,6893,274,-40.0,-46.0,14.0,-2.0,-53.0,24.0,24.0,10.0,-50.285714285714285,-45.857142857142854,19.714285714285715,-11.0,-57.42857142857143,21.142857142857142,19.857142857142858,-12.38095238095238
956,Colorado,2020-04-12,7307,289,-49.0,-69.0,15.0,-68.0,-69.0,15.0,24.0,29.0,-51.42857142857143,-45.285714285714285,19.571428571428573,-7.857142857142857,-57.142857142857146,21.285714285714285,21.142857142857142,-11.19047619047619
957,Colorado,2020-04-13,7696,306,-54.0,-53.0,23.0,-50.0,-64.0,17.0,15.0,14.0,-51.857142857142854,-44.857142857142854,19.571428571428573,-3.4285714285714284,-57.0,22.285714285714285,21.285714285714285,-9.57142857142857
958,Colorado,2020-04-14,7950,327,-54.0,-45.0,23.0,-27.0,-57.0,21.0,17.0,33.0,-51.714285714285715,-45.0,19.714285714285715,-3.5714285714285716,-57.142857142857146,21.142857142857142,22.285714285714285,-9.619047619047619
959,Colorado,2020-04-15,8280,354,-53.0,-38.0,21.0,-11.0,-54.0,27.0,21.0,24.0,-51.42857142857143,-45.0,19.714285714285715,-2.7142857142857144,-57.142857142857146,23.0,21.142857142857142,-9.333333333333334
960,Colorado,2020-04-16,8675,372,-58.0,-53.0,27.0,-51.0,-65.0,18.0,27.0,24.0,-51.857142857142854,-44.142857142857146,19.428571428571427,5.571428571428571,-56.142857142857146,20.857142857142858,23.0,-6.380952380952382
961,Colorado,2020-04-17,9047,389,-52.0,-43.0,23.0,-18.0,-56.0,17.0,18.0,15.0,-51.42857142857143,-43.57142857142857,19.142857142857142,12.142857142857142,-55.57142857142857,19.857142857142858,20.857142857142858,-4.095238095238095
962,Colorado,2020-04-18,9440,411,-36.0,-47.0,15.0,-29.0,-53.0,22.0,17.0,17.0,-50.857142857142854,-43.0,18.857142857142858,14.857142857142858,-55.0,19.571428571428573,19.857142857142858,-3.095238095238095
963,Colorado,2020-04-19,9730,420,-38.0,-43.0,12.0,1.0,-55.0,9.0,22.0,21.0,-49.285714285714285,-46.142857142857146,19.285714285714285,3.7142857142857144,-56.57142857142857,18.714285714285715,19.571428571428573,-7.714285714285715
964,Colorado,2020-04-20,10112,447,-49.0,-37.0,18.0,27.0,-51.0,27.0,9.0,27.0,-48.57142857142857,-47.857142857142854,19.857142857142858,-7.857142857142857,-57.857142857142854,20.142857142857142,18.714285714285715,-11.95238095238095
965,Colorado,2020-04-21,10473,483,-52.0,-38.0,21.0,10.0,-52.0,36.0,27.0,18.0,-48.285714285714285,-48.42857142857143,20.142857142857142,-14.857142857142858,-58.42857142857143,22.285714285714285,20.142857142857142,-14.380952380952381
966,Colorado,2020-04-22,10891,506,-53.0,-38.0,20.0,19.0,-52.0,23.0,36.0,17.0,-48.285714285714285,-48.0,20.142857142857142,-19.571428571428573,-58.42857142857143,21.714285714285715,22.285714285714285,-15.80952380952381
967,Colorado,2020-04-23,11278,552,-53.0,-39.0,21.0,13.0,-53.0,46.0,23.0,22.0,-47.57142857142857,-49.57142857142857,20.857142857142858,-28.571428571428573,-59.714285714285715,25.714285714285715,21.714285714285715,-19.095238095238095
968,Colorado,2020-04-24,12256,674,-51.0,-40.0,21.0,-4.0,-53.0,122.0,46.0,9.0,-47.42857142857143,-49.57142857142857,20.857142857142858,-32.42857142857143,-59.714285714285715,40.714285714285715,25.714285714285715,-20.38095238095238
969,Colorado,2020-04-25,12968,684,-35.0,-41.0,13.0,6.0,-48.0,10.0,122.0,27.0,-47.285714285714285,-49.714285714285715,21.0,-36.285714285714285,-59.714285714285715,39.0,40.714285714285715,-21.666666666666668
970,Colorado,2020-04-26,13441,688,-37.0,-39.0,10.0,15.0,-53.0,4.0,10.0,36.0,-47.142857142857146,-46.0,20.571428571428573,-26.428571428571427,-57.714285714285715,38.285714285714285,39.0,-17.285714285714285
971,Colorado,2020-04-27,13879,706,-46.0,-31.0,17.0,51.0,-49.0,18.0,4.0,23.0,-46.714285714285715,-43.714285714285715,19.857142857142858,-15.428571428571429,-55.857142857142854,37.0,38.285714285714285,-13.095238095238095
972,Colorado,2020-04-28,14316,736,-50.0,-32.0,11.0,24.0,-48.0,30.0,18.0,46.0,-46.42857142857143,-42.714285714285715,19.571428571428573,-10.142857142857142,-55.142857142857146,36.142857142857146,37.0,-11.095238095238095
973,Colorado,2020-04-29,14758,766,-50.0,-31.0,18.0,44.0,-47.0,30.0,30.0,122.0,-46.0,-42.714285714285715,19.428571428571427,-5.857142857142857,-54.857142857142854,37.142857142857146,36.142857142857146,-9.714285714285715
974,Colorado,2020-04-30,15284,777,-51.0,-32.0,19.0,40.0,-48.0,11.0,30.0,10.0,-45.714285714285715,-40.714285714285715,18.571428571428573,3.2857142857142856,-53.142857142857146,32.142857142857146,37.142857142857146,-6.285714285714286
975,Colorado,2020-05-01,15793,821,-48.0,-31.0,18.0,37.0,-45.0,44.0,11.0,4.0,-45.285714285714285,-40.285714285714285,18.285714285714285,5.285714285714286,-52.714285714285715,21.0,32.142857142857146,-5.571428571428572
976,Colorado,2020-05-02,16225,832,-32.0,-38.0,12.0,-10.0,-46.0,11.0,44.0,18.0,-44.857142857142854,-39.42857142857143,18.0,10.285714285714286,-52.0,21.142857142857142,21.0,-3.714285714285715
977,Colorado,2020-05-03,16635,842,-31.0,-31.0,8.0,43.0,-45.0,10.0,11.0,30.0,-44.0,-38.857142857142854,17.714285714285715,12.285714285714286,-51.714285714285715,22.0,21.142857142857142,-2.9523809523809508
978,Colorado,2020-05-04,16918,851,-44.0,-27.0,16.0,31.0,-46.0,9.0,10.0,30.0,-43.714285714285715,-38.0,17.571428571428573,15.714285714285714,-51.42857142857143,20.714285714285715,22.0,-1.5714285714285712
979,Colorado,2020-05-05,17367,903,-47.0,-25.0,17.0,33.0,-45.0,52.0,9.0,11.0,-43.285714285714285,-37.142857142857146,16.142857142857142,17.714285714285715,-50.857142857142854,23.857142857142858,20.714285714285715,-1.095238095238096
980,Colorado,2020-05-06,17832,919,-48.0,-28.0,17.0,42.0,-44.0,16.0,52.0,44.0,-43.0,-36.142857142857146,15.857142857142858,21.285714285714285,-50.142857142857146,21.857142857142858,23.857142857142858,0.33333333333333215
981,Colorado,2020-05-07,18370,944,-48.0,-28.0,17.0,45.0,-46.0,25.0,16.0,11.0,-42.57142857142857,-35.142857142857146,15.571428571428571,25.142857142857142,-49.42857142857143,23.857142857142858,21.857142857142858,1.8571428571428552
982,Colorado,2020-05-08,18827,960,-45.0,-30.0,17.0,29.0,-43.0,16.0,25.0,10.0,-42.142857142857146,-33.857142857142854,15.142857142857142,31.0,-48.285714285714285,19.857142857142858,23.857142857142858,4.095238095238096
983,Colorado,2020-05-09,19375,967,-27.0,-31.0,9.0,13.0,-41.0,7.0,16.0,9.0,-41.42857142857143,-33.42857142857143,15.0,28.714285714285715,-48.0,19.285714285714285,19.857142857142858,3.4285714285714284
984,Colorado,2020-05-10,19703,971,-27.0,-25.0,6.0,40.0,-42.0,4.0,7.0,52.0,-40.857142857142854,-32.285714285714285,14.714285714285714,32.714285714285715,-46.857142857142854,18.428571428571427,19.285714285714285,5.047619047619048
985,Colorado,2020-05-11,19879,987,-42.0,-31.0,16.0,-7.0,-48.0,16.0,4.0,16.0,-40.57142857142857,-31.714285714285715,14.571428571428571,29.857142857142858,-46.42857142857143,19.428571428571427,18.428571428571427,4.238095238095237
986,Colorado,2020-05-12,20157,1010,-45.0,-27.0,16.0,30.0,-44.0,23.0,16.0,25.0,-40.285714285714285,-30.714285714285715,15.428571428571429,31.142857142857142,-46.0,15.285714285714286,19.428571428571427,5.285714285714286
987,Colorado,2020-05-13,20475,1062,-45.0,-25.0,16.0,55.0,-42.0,52.0,23.0,16.0,-39.857142857142854,-30.285714285714285,15.285714285714286,30.857142857142858,-45.57142857142857,20.428571428571427,15.285714285714286,5.2857142857142865
988,Colorado,2020-05-14,20838,1086,-46.0,-26.0,17.0,39.0,-44.0,24.0,52.0,7.0,-39.57142857142857,-29.714285714285715,15.0,31.571428571428573,-45.285714285714285,20.285714285714285,20.428571428571427,5.6190476190476195
989,Colorado,2020-05-15,21232,1150,-44.0,-29.0,16.0,22.0,-43.0,64.0,24.0,4.0,-39.42857142857143,-29.571428571428573,14.857142857142858,30.428571428571427,-45.0,27.142857142857142,20.285714285714285,5.238095238095237
990,Colorado,2020-05-16,21633,1192,-25.0,-31.0,9.0,36.0,-38.0,42.0,64.0,16.0,-39.142857142857146,-28.571428571428573,14.428571428571429,33.714285714285715,-44.285714285714285,32.142857142857146,27.142857142857142,6.523809523809523
991,Colorado,2020-05-17,21938,1215,-25.0,-25.0,6.0,73.0,-40.0,23.0,42.0,23.0,-38.857142857142854,-27.714285714285715,14.142857142857142,33.285714285714285,-43.857142857142854,34.857142857142854,32.142857142857146,6.57142857142857
992,Colorado,2020-05-18,22202,1224,-39.0,-20.0,13.0,72.0,-41.0,9.0,23.0,52.0,-38.42857142857143,-28.285714285714285,14.142857142857142,27.857142857142858,-44.142857142857146,33.857142857142854,34.857142857142854,4.571428571428572
993,Colorado,2020-05-19,22482,1257,-43.0,-20.0,15.0,47.0,-41.0,33.0,9.0,24.0,-38.142857142857146,-28.571428571428573,14.0,27.428571428571427,-44.0,35.285714285714285,33.857142857142854,4.285714285714285
994,Colorado,2020-05-20,22797,1299,-44.0,-19.0,15.0,58.0,-38.0,42.0,33.0,64.0,-38.0,-28.142857142857142,13.857142857142858,29.285714285714285,-43.714285714285715,33.857142857142854,35.285714285714285,5.0
995,Colorado,2020-05-21,23191,1310,-44.0,-19.0,14.0,78.0,-36.0,11.0,42.0,42.0,-37.714285714285715,-27.857142857142858,13.857142857142858,28.428571428571427,-43.42857142857143,32.0,33.857142857142854,4.809523809523809
996,Colorado,2020-05-22,23487,1324,-43.0,-22.0,13.0,80.0,-34.0,14.0,11.0,23.0,-37.57142857142857,-27.714285714285715,13.714285714285714,27.428571428571427,-43.42857142857143,24.857142857142858,32.0,4.476190476190475
997,Colorado,2020-05-23,23964,1327,-24.0,-30.0,7.0,62.0,-33.0,3.0,14.0,9.0,-37.42857142857143,-27.714285714285715,13.714285714285714,30.714285714285715,-43.0,19.285714285714285,24.857142857142858,5.571428571428572
998,Colorado,2020-05-24,24174,1332,-27.0,-31.0,7.0,5.0,-44.0,5.0,3.0,33.0,-37.714285714285715,-27.714285714285715,13.714285714285714,35.42857142857143,-42.714285714285715,16.714285714285715,19.285714285714285,7.142857142857143
999,Colorado,2020-05-25,24256,1333,-72.0,-21.0,19.0,132.0,-43.0,1.0,5.0,42.0,-42.42857142857143,-26.142857142857142,13.285714285714286,46.714285714285715,-41.714285714285715,15.571428571428571,16.714285714285715,11.285714285714286
1000,Colorado,2020-05-26,24552,1352,-41.0,-19.0,13.0,62.0,-37.0,19.0,1.0,11.0,-42.142857142857146,-25.142857142857142,13.142857142857142,49.142857142857146,-41.285714285714285,13.571428571428571,15.571428571428571,12.380952380952381
1001,Colorado,2020-05-27,24754,1392,-41.0,-19.0,14.0,63.0,-38.0,40.0,19.0,14.0,-41.714285714285715,-24.285714285714285,13.0,49.57142857142857,-40.714285714285715,13.285714285714286,13.571428571428571,12.761904761904761
1002,Colorado,2020-05-28,25107,1421,-41.0,-18.0,13.0,81.0,-35.0,29.0,40.0,3.0,-41.285714285714285,-23.285714285714285,12.571428571428571,55.142857142857146,-39.57142857142857,15.857142857142858,13.285714285714286,14.80952380952381
1003,Colorado,2020-05-29,25598,1436,-39.0,-22.0,13.0,67.0,-33.0,15.0,29.0,5.0,-40.714285714285715,-22.285714285714285,12.142857142857142,63.42857142857143,-38.285714285714285,16.0,15.857142857142858,17.761904761904763
1004,Colorado,2020-05-30,26084,1443,-14.0,-27.0,7.0,43.0,-29.0,7.0,15.0,1.0,-39.285714285714285,-22.142857142857142,11.857142857142858,67.14285714285714,-37.57142857142857,16.571428571428573,16.0,18.952380952380953
1005,Colorado,2020-05-31,26364,1445,-15.0,-19.0,5.0,65.0,-32.0,2.0,7.0,19.0,-37.57142857142857,-23.0,12.0,57.42857142857143,-38.142857142857146,16.142857142857142,16.571428571428573,15.476190476190476
1006,Colorado,2020-06-01,26563,1458,-36.0,-14.0,11.0,71.0,-33.0,13.0,2.0,40.0,-32.42857142857143,-23.142857142857142,12.857142857142858,66.0,-38.42857142857143,17.857142857142858,16.142857142857142,18.571428571428573
1007,Colorado,2020-06-02,26774,1474,-39.0,-15.0,13.0,62.0,-35.0,16.0,13.0,29.0,-32.142857142857146,-23.0,12.571428571428571,68.14285714285714,-37.857142857142854,17.428571428571427,17.857142857142858,19.238095238095237
1008,Colorado,2020-06-03,27046,1494,-40.0,-13.0,12.0,74.0,-35.0,20.0,16.0,15.0,-32.0,-23.0,12.428571428571429,68.85714285714286,-37.857142857142854,14.571428571428571,17.428571428571427,19.42857142857143
1009,Colorado,2020-06-04,27346,1512,-40.0,-15.0,12.0,85.0,-34.0,18.0,20.0,7.0,-31.857142857142858,-22.857142857142858,12.285714285714286,69.28571428571429,-37.714285714285715,13.0,14.571428571428571,19.571428571428573
1010,Colorado,2020-06-05,27601,1524,-38.0,-19.0,11.0,80.0,-32.0,12.0,18.0,2.0,-31.714285714285715,-22.857142857142858,12.285714285714286,67.42857142857143,-37.57142857142857,12.571428571428571,13.0,18.952380952380953
1011,Colorado,2020-06-06,27834,1527,-16.0,-26.0,7.0,27.0,-32.0,3.0,12.0,13.0,-32.0,-22.428571428571427,12.285714285714286,64.71428571428571,-37.0,12.0,12.571428571428571,18.19047619047619
1012,Colorado,2020-06-07,27987,1527,-15.0,-14.0,3.0,95.0,-30.0,0.0,3.0,16.0,-32.0,-20.714285714285715,12.0,73.28571428571429,-35.285714285714285,11.714285714285714,12.0,21.52380952380953
1013,Colorado,2020-06-08,28169,1543,-35.0,-13.0,10.0,82.0,-32.0,16.0,0.0,20.0,-31.857142857142858,-19.714285714285715,10.857142857142858,64.57142857142857,-33.857142857142854,12.142857142857142,11.714285714285714,18.57142857142857
1014,Colorado,2020-06-09,28333,1553,-40.0,-15.0,14.0,34.0,-38.0,10.0,16.0,18.0,-32.0,-19.142857142857142,10.857142857142858,64.57142857142857,-33.57142857142857,11.285714285714286,12.142857142857142,18.761904761904763
1015,Colorado,2020-06-10,28484,1572,-39.0,-11.0,11.0,96.0,-32.0,19.0,10.0,12.0,-31.857142857142858,-18.285714285714285,10.571428571428571,66.14285714285714,-33.142857142857146,11.142857142857142,11.285714285714286,19.476190476190474
1016,Colorado,2020-06-11,28632,1582,-39.0,-12.0,11.0,112.0,-32.0,10.0,19.0,3.0,-31.714285714285715,-17.857142857142858,10.428571428571429,66.71428571428571,-33.0,10.0,11.142857142857142,19.76190476190476
1017,Colorado,2020-06-12,28807,1582,-38.0,-16.0,10.0,96.0,-31.0,0.0,10.0,0.0,-31.714285714285715,-17.428571428571427,10.142857142857142,68.57142857142857,-32.857142857142854,8.285714285714286,10.0,20.428571428571427
1018,Colorado,2020-06-13,29002,1597,-13.0,-22.0,5.0,65.0,-25.0,15.0,0.0,16.0,-31.285714285714285,-17.285714285714285,10.142857142857142,66.28571428571429,-33.285714285714285,10.0,8.285714285714286,19.71428571428572
1019,Colorado,2020-06-14,29115,1598,-13.0,-13.0,2.0,96.0,-27.0,1.0,15.0,10.0,-31.0,-16.571428571428573,9.857142857142858,70.57142857142857,-33.0,10.142857142857142,10.0,21.285714285714285
