,CountryOrState,Date,confirmed,deaths,work,retail,residential,parks,transit,dDeaths,dDeaths_1,dDeaths_5,aWork,aRetail,aResidential,aParks,aTransit,adDeaths,adDeaths_1,mob_idx
3276,Louisiana,2020-03-27,2744,119,-43.0,-42.0,20.0,-20.0,-44.0,36.0,18.0,0.0,-36.714285714285715,-15.285714285714286,7.571428571428571,4.285714285714286,-14.142857142857142,15.0,10.428571428571429,-1.1428571428571432
3277,Louisiana,2020-03-28,3315,137,-33.0,-47.0,14.0,-38.0,-46.0,18.0,36.0,15.0,-38.0,-20.714285714285715,9.0,-2.4285714285714284,-19.142857142857142,16.714285714285715,15.0,-4.714285714285714
3278,Louisiana,2020-03-29,3540,151,-35.0,-45.0,11.0,-18.0,-49.0,14.0,18.0,11.0,-39.0,-25.714285714285715,10.142857142857142,-8.571428571428571,-24.857142857142858,18.714285714285715,16.714285714285715,-8.04761904761905
3279,Louisiana,2020-03-30,4025,185,-42.0,-40.0,17.0,-23.0,-45.0,34.0,14.0,19.0,-40.142857142857146,-30.285714285714285,11.571428571428571,-12.714285714285714,-29.428571428571427,21.428571428571427,18.714285714285715,-10.476190476190476
3280,Louisiana,2020-03-31,5237,239,-45.0,-37.0,18.0,-25.0,-42.0,54.0,34.0,18.0,-40.57142857142857,-33.857142857142854,12.857142857142858,-15.0,-32.142857142857146,27.571428571428573,21.428571428571427,-12.0
3281,Louisiana,2020-04-01,6424,273,-45.0,-32.0,17.0,-5.0,-38.0,34.0,54.0,36.0,-40.857142857142854,-36.57142857142857,14.0,-17.428571428571427,-34.714285714285715,29.714285714285715,27.571428571428573,-13.333333333333334
3282,Louisiana,2020-04-02,9149,310,-45.0,-38.0,19.0,-20.0,-44.0,37.0,34.0,18.0,-41.142857142857146,-38.57142857142857,15.0,-19.142857142857142,-36.857142857142854,32.42857142857143,29.714285714285715,-14.238095238095235
3283,Louisiana,2020-04-03,10297,370,-45.0,-39.0,20.0,-19.0,-48.0,60.0,37.0,14.0,-41.42857142857143,-40.0,15.714285714285714,-19.714285714285715,-38.42857142857143,35.857142857142854,32.42857142857143,-14.666666666666666
3284,Louisiana,2020-04-04,12496,409,-36.0,-50.0,16.0,-47.0,-52.0,39.0,60.0,34.0,-41.857142857142854,-40.714285714285715,16.0,-19.714285714285715,-39.857142857142854,38.857142857142854,35.857142857142854,-14.80952380952381
3285,Louisiana,2020-04-05,13010,477,-37.0,-46.0,12.0,-19.0,-54.0,68.0,39.0,54.0,-42.142857142857146,-41.42857142857143,16.142857142857142,-19.428571428571427,-41.142857142857146,46.57142857142857,38.857142857142854,-14.904761904761905
3286,Louisiana,2020-04-06,14867,512,-43.0,-40.0,18.0,-19.0,-47.0,35.0,68.0,34.0,-42.285714285714285,-42.142857142857146,16.428571428571427,-19.714285714285715,-42.0,46.714285714285715,46.57142857142857,-15.142857142857144
3287,Louisiana,2020-04-07,16284,582,-45.0,-41.0,18.0,-19.0,-44.0,70.0,35.0,37.0,-42.285714285714285,-41.285714285714285,16.428571428571427,-20.571428571428573,-42.857142857142854,49.0,46.714285714285715,-15.142857142857144
3288,Louisiana,2020-04-08,17030,652,-46.0,-39.0,17.0,-9.0,-42.0,70.0,70.0,60.0,-42.42857142857143,-40.285714285714285,16.428571428571427,-20.428571428571427,-43.285714285714285,54.142857142857146,49.0,-14.761904761904761
3289,Louisiana,2020-04-09,18283,702,-46.0,-38.0,18.0,-15.0,-45.0,50.0,70.0,39.0,-42.57142857142857,-40.142857142857146,16.571428571428573,-21.285714285714285,-44.0,56.0,54.142857142857146,-14.952380952380954
3290,Louisiana,2020-04-10,19253,755,-58.0,-44.0,24.0,-19.0,-54.0,53.0,50.0,68.0,-44.42857142857143,-39.714285714285715,16.571428571428573,-21.142857142857142,-44.57142857142857,55.0,56.0,-14.761904761904761
3291,Louisiana,2020-04-11,20014,806,-36.0,-45.0,14.0,-35.0,-54.0,51.0,53.0,35.0,-44.42857142857143,-40.142857142857146,16.857142857142858,-22.428571428571427,-45.42857142857143,56.714285714285715,55.0,-15.238095238095239
3292,Louisiana,2020-04-12,20595,840,-44.0,-64.0,13.0,-55.0,-61.0,34.0,51.0,70.0,-45.42857142857143,-40.285714285714285,17.0,-22.571428571428573,-46.142857142857146,51.857142857142854,56.714285714285715,-15.285714285714286
3293,Louisiana,2020-04-13,21016,884,-43.0,-38.0,17.0,-15.0,-45.0,44.0,34.0,70.0,-45.42857142857143,-40.285714285714285,17.142857142857142,-22.0,-46.42857142857143,53.142857142857146,51.857142857142854,-15.047619047619046
3294,Louisiana,2020-04-14,21518,1013,-43.0,-35.0,17.0,-18.0,-40.0,129.0,44.0,50.0,-45.142857142857146,-40.857142857142854,17.142857142857142,-21.142857142857142,-46.714285714285715,61.57142857142857,53.142857142857146,-14.95238095238095
3295,Louisiana,2020-04-15,21951,1103,-43.0,-25.0,16.0,-6.0,-37.0,90.0,129.0,53.0,-44.714285714285715,-41.857142857142854,17.142857142857142,-21.714285714285715,-47.285714285714285,64.42857142857143,61.57142857142857,-15.476190476190476
3296,Louisiana,2020-04-16,22532,1156,-43.0,-30.0,17.0,-9.0,-40.0,53.0,90.0,51.0,-44.285714285714285,-41.857142857142854,17.0,-21.0,-47.42857142857143,64.85714285714286,64.42857142857143,-15.285714285714285
3297,Louisiana,2020-04-17,23118,1213,-43.0,-36.0,19.0,-15.0,-44.0,57.0,53.0,34.0,-42.142857142857146,-42.57142857142857,17.571428571428573,-21.0,-48.285714285714285,65.42857142857143,64.85714285714286,-15.333333333333334
3298,Louisiana,2020-04-18,23580,1267,-31.0,-43.0,14.0,-46.0,-47.0,54.0,57.0,44.0,-41.42857142857143,-41.857142857142854,17.285714285714285,-19.285714285714285,-48.57142857142857,65.85714285714286,65.42857142857143,-14.619047619047619
3299,Louisiana,2020-04-19,23928,1296,-35.0,-44.0,12.0,-40.0,-55.0,29.0,54.0,129.0,-40.142857142857146,-44.42857142857143,17.428571428571427,-24.428571428571427,-49.57142857142857,65.14285714285714,65.85714285714286,-17.142857142857142
3300,Louisiana,2020-04-20,24523,1328,-40.0,-31.0,16.0,-8.0,-41.0,32.0,29.0,90.0,-39.714285714285715,-44.142857142857146,17.285714285714285,-23.857142857142858,-49.285714285714285,63.42857142857143,65.14285714285714,-16.90476190476191
3301,Louisiana,2020-04-21,24854,1405,-41.0,-26.0,15.0,-5.0,-37.0,77.0,32.0,53.0,-39.42857142857143,-43.285714285714285,17.142857142857142,-23.714285714285715,-48.714285714285715,56.0,63.42857142857143,-16.61904761904762
3302,Louisiana,2020-04-22,25258,1473,-42.0,-30.0,16.0,-11.0,-37.0,68.0,77.0,57.0,-39.285714285714285,-41.285714285714285,17.0,-23.285714285714285,-48.0,52.857142857142854,56.0,-15.857142857142856
3303,Louisiana,2020-04-23,25739,1599,-43.0,-33.0,18.0,-27.0,-42.0,126.0,68.0,54.0,-39.285714285714285,-40.142857142857146,16.857142857142858,-22.428571428571427,-47.285714285714285,63.285714285714285,52.857142857142854,-15.238095238095239
3304,Louisiana,2020-04-24,26140,1660,-41.0,-33.0,18.0,-4.0,-41.0,61.0,126.0,29.0,-39.0,-39.0,16.142857142857142,-21.857142857142858,-45.857142857142854,63.857142857142854,63.285714285714285,-14.904761904761905
3305,Louisiana,2020-04-25,26512,1707,-29.0,-37.0,11.0,-22.0,-40.0,47.0,61.0,32.0,-38.714285714285715,-38.714285714285715,16.142857142857142,-23.428571428571427,-44.857142857142854,62.857142857142854,63.857142857142854,-15.333333333333334
3306,Louisiana,2020-04-26,26773,1729,-32.0,-33.0,9.0,-1.0,-44.0,22.0,47.0,77.0,-38.285714285714285,-35.857142857142854,16.0,-21.285714285714285,-44.0,61.857142857142854,62.857142857142854,-13.714285714285714
3307,Louisiana,2020-04-27,27068,1740,-38.0,-26.0,15.0,-3.0,-37.0,11.0,22.0,68.0,-38.0,-34.857142857142854,15.857142857142858,-20.285714285714285,-43.42857142857143,58.857142857142854,61.857142857142854,-13.095238095238093
3308,Louisiana,2020-04-28,27286,1801,-41.0,-30.0,10.0,-20.0,-38.0,61.0,11.0,126.0,-38.0,-33.57142857142857,15.571428571428571,-18.428571428571427,-43.0,56.57142857142857,58.857142857142854,-12.142857142857144
3309,Louisiana,2020-04-29,27660,1845,-43.0,-26.0,17.0,-22.0,-37.0,44.0,61.0,61.0,-38.142857142857146,-34.285714285714285,15.571428571428571,-19.142857142857142,-43.0,53.142857142857146,56.57142857142857,-12.61904761904762
3310,Louisiana,2020-04-30,28001,1905,-39.0,-22.0,15.0,-2.0,-34.0,60.0,44.0,47.0,-37.57142857142857,-34.714285714285715,15.714285714285714,-21.714285714285715,-43.285714285714285,43.714285714285715,53.142857142857146,-13.571428571428571
3311,Louisiana,2020-05-01,28711,1970,-39.0,-24.0,15.0,1.0,-35.0,65.0,60.0,22.0,-37.285714285714285,-34.285714285714285,15.571428571428571,-20.142857142857142,-42.857142857142854,44.285714285714285,43.714285714285715,-12.952380952380954
3312,Louisiana,2020-05-02,29140,1993,-26.0,-30.0,9.0,-12.0,-34.0,23.0,65.0,11.0,-36.857142857142854,-33.42857142857143,15.142857142857142,-16.714285714285715,-41.857142857142854,40.857142857142854,44.285714285714285,-11.666666666666666
3313,Louisiana,2020-05-03,29340,2012,-28.0,-28.0,7.0,3.0,-40.0,19.0,23.0,61.0,-36.285714285714285,-31.857142857142858,14.714285714285714,-11.142857142857142,-40.285714285714285,40.42857142857143,40.857142857142854,-9.428571428571429
3314,Louisiana,2020-05-04,29673,2064,-35.0,-21.0,13.0,-4.0,-34.0,52.0,19.0,44.0,-35.857142857142854,-31.142857142857142,14.571428571428571,-10.428571428571429,-39.714285714285715,46.285714285714285,40.42857142857143,-9.0
3315,Louisiana,2020-05-05,29996,2115,-37.0,-18.0,13.0,-4.0,-30.0,51.0,52.0,60.0,-35.285714285714285,-31.714285714285715,13.857142857142858,-12.571428571428571,-39.857142857142854,44.857142857142854,46.285714285714285,-10.142857142857144
3316,Louisiana,2020-05-06,30399,2167,-37.0,-17.0,13.0,12.0,-28.0,52.0,51.0,65.0,-34.42857142857143,-31.142857142857142,14.0,-14.142857142857142,-39.857142857142854,46.0,44.857142857142854,-10.428571428571429
3317,Louisiana,2020-05-07,30652,2208,-37.0,-20.0,13.0,2.0,-31.0,41.0,52.0,23.0,-34.142857142857146,-29.571428571428573,13.571428571428571,-10.571428571428571,-38.714285714285715,43.285714285714285,46.0,-8.857142857142856
3318,Louisiana,2020-05-08,30855,2227,-38.0,-32.0,18.0,-28.0,-39.0,19.0,41.0,19.0,-34.0,-28.285714285714285,13.142857142857142,-9.857142857142858,-37.857142857142854,36.714285714285715,43.285714285714285,-8.333333333333334
3319,Louisiana,2020-05-09,31417,2267,-25.0,-26.0,9.0,-31.0,-34.0,40.0,19.0,52.0,-33.857142857142854,-27.285714285714285,12.857142857142858,-8.428571428571429,-37.0,39.142857142857146,36.714285714285715,-7.619047619047618
3320,Louisiana,2020-05-10,31600,2286,-24.0,-26.0,4.0,1.0,-36.0,19.0,40.0,51.0,-33.285714285714285,-26.571428571428573,12.571428571428571,-7.857142857142857,-36.42857142857143,39.142857142857146,39.142857142857146,-7.285714285714286
3321,Louisiana,2020-05-11,31815,2308,-34.0,-22.0,12.0,1.0,-32.0,22.0,19.0,52.0,-33.142857142857146,-25.857142857142858,12.285714285714286,-8.0,-36.0,34.857142857142854,39.142857142857146,-7.19047619047619
3322,Louisiana,2020-05-12,32050,2347,-35.0,-19.0,12.0,4.0,-29.0,39.0,22.0,41.0,-32.857142857142854,-24.142857142857142,12.714285714285714,-5.714285714285714,-34.857142857142854,33.142857142857146,34.857142857142854,-5.714285714285714
3323,Louisiana,2020-05-13,32662,2381,-35.0,-18.0,12.0,12.0,-26.0,34.0,39.0,19.0,-32.57142857142857,-22.857142857142858,12.142857142857142,-0.8571428571428571,-33.57142857142857,30.571428571428573,33.142857142857146,-3.8571428571428577
3324,Louisiana,2020-05-14,33489,2417,-36.0,-26.0,15.0,-29.0,-34.0,36.0,34.0,40.0,-32.42857142857143,-22.571428571428573,11.857142857142858,-0.2857142857142857,-33.142857142857146,29.857142857142858,30.571428571428573,-3.6666666666666674
3325,Louisiana,2020-05-15,33837,2448,-36.0,-24.0,15.0,-19.0,-37.0,31.0,36.0,19.0,-32.142857142857146,-23.714285714285715,12.285714285714286,-4.428571428571429,-33.714285714285715,31.571428571428573,29.857142857142858,-5.285714285714286
3326,Louisiana,2020-05-16,34117,2479,-22.0,-28.0,9.0,-32.0,-36.0,31.0,31.0,22.0,-31.714285714285715,-23.142857142857142,12.285714285714286,-7.142857142857143,-33.714285714285715,30.285714285714285,31.571428571428573,-6.0
3327,Louisiana,2020-05-17,34432,2491,-23.0,-25.0,7.0,-14.0,-39.0,12.0,31.0,39.0,-31.571428571428573,-22.857142857142858,11.857142857142858,-7.428571428571429,-33.142857142857146,29.285714285714285,30.285714285714285,-6.142857142857143
3328,Louisiana,2020-05-18,34709,2563,-28.0,-13.0,10.0,6.0,-26.0,72.0,12.0,34.0,-30.714285714285715,-23.0,11.714285714285714,-6.714285714285714,-32.857142857142854,36.42857142857143,29.285714285714285,-6.0
3329,Louisiana,2020-05-19,35038,2581,-30.0,-11.0,10.0,8.0,-22.0,18.0,72.0,36.0,-30.0,-23.142857142857142,11.571428571428571,-5.571428571428571,-32.714285714285715,33.42857142857143,36.42857142857143,-5.714285714285714
3330,Louisiana,2020-05-20,35316,2608,-31.0,-12.0,10.0,7.0,-21.0,27.0,18.0,31.0,-29.428571428571427,-23.285714285714285,11.428571428571429,-5.571428571428571,-32.42857142857143,32.42857142857143,33.42857142857143,-5.809523809523809
3331,Louisiana,2020-05-21,36504,2629,-31.0,-12.0,10.0,11.0,-22.0,21.0,27.0,31.0,-28.714285714285715,-24.142857142857142,11.714285714285714,-10.0,-32.857142857142854,30.285714285714285,32.42857142857143,-7.476190476190477
3332,Louisiana,2020-05-22,36925,2668,-32.0,-18.0,11.0,7.0,-24.0,39.0,21.0,12.0,-28.142857142857142,-23.0,11.285714285714286,-8.714285714285714,-32.57142857142857,31.428571428571427,30.285714285714285,-6.809523809523809
3333,Louisiana,2020-05-23,36925,2668,-20.0,-25.0,7.0,-12.0,-24.0,0.0,39.0,72.0,-27.857142857142858,-23.285714285714285,11.285714285714286,-8.857142857142858,-32.857142857142854,27.0,31.428571428571427,-6.952380952380952
3334,Louisiana,2020-05-24,37169,2691,-21.0,-19.0,5.0,14.0,-31.0,23.0,0.0,18.0,-27.571428571428573,-23.142857142857142,11.714285714285714,-11.0,-33.285714285714285,28.571428571428573,27.0,-7.476190476190477
3335,Louisiana,2020-05-25,37809,2691,-60.0,-26.0,18.0,-8.0,-40.0,0.0,23.0,27.0,-32.142857142857146,-21.857142857142858,11.428571428571429,-10.285714285714286,-32.42857142857143,18.285714285714285,28.571428571428573,-6.904761904761905
3336,Louisiana,2020-05-26,38054,2702,-30.0,-16.0,11.0,-14.0,-27.0,11.0,0.0,21.0,-32.142857142857146,-20.714285714285715,11.142857142857142,-9.714285714285714,-31.428571428571427,17.285714285714285,18.285714285714285,-6.428571428571428
3337,Louisiana,2020-05-27,38497,2723,-29.0,-10.0,10.0,12.0,-20.0,21.0,11.0,39.0,-31.857142857142858,-19.857142857142858,10.857142857142858,-10.428571428571429,-30.714285714285715,16.428571428571427,17.285714285714285,-6.476190476190477
3338,Louisiana,2020-05-28,38802,2741,-29.0,-12.0,10.0,1.0,-22.0,18.0,21.0,0.0,-31.571428571428573,-17.857142857142858,10.142857142857142,-4.714285714285714,-29.0,16.0,16.428571428571427,-4.142857142857143
3339,Louisiana,2020-05-29,38802,2767,-30.0,-17.0,11.0,2.0,-25.0,26.0,18.0,23.0,-31.285714285714285,-17.0,9.571428571428571,-1.0,-27.142857142857142,14.142857142857142,16.0,-2.8095238095238098
3340,Louisiana,2020-05-30,39577,2786,-13.0,-21.0,5.0,-3.0,-19.0,19.0,26.0,0.0,-30.285714285714285,-16.571428571428573,9.285714285714286,1.8571428571428572,-25.428571428571427,16.857142857142858,14.142857142857142,-1.8095238095238095
3341,Louisiana,2020-05-31,39916,2791,-15.0,-16.0,4.0,17.0,-24.0,5.0,19.0,11.0,-29.428571428571427,-15.714285714285714,9.0,5.857142857142857,-24.285714285714285,14.285714285714286,16.857142857142858,-0.2857142857142856
3342,Louisiana,2020-06-01,40341,2801,-26.0,-8.0,8.0,5.0,-21.0,10.0,5.0,21.0,-24.571428571428573,-17.571428571428573,10.142857142857142,3.857142857142857,-26.285714285714285,15.714285714285714,14.285714285714286,-1.1904761904761911
3343,Louisiana,2020-06-02,40746,2835,-28.0,-7.0,9.0,9.0,-19.0,34.0,10.0,18.0,-24.285714285714285,-18.285714285714285,10.285714285714286,0.7142857142857143,-27.0,19.0,15.714285714285714,-2.428571428571428
3344,Louisiana,2020-06-03,41133,2870,-29.0,-6.0,9.0,6.0,-17.0,35.0,34.0,26.0,-24.285714285714285,-18.0,10.285714285714286,1.4285714285714286,-26.857142857142858,21.0,19.0,-2.095238095238095
3345,Louisiana,2020-06-04,41562,2883,-28.0,-8.0,9.0,11.0,-18.0,13.0,35.0,19.0,-24.142857142857142,-18.0,10.285714285714286,0.0,-26.857142857142858,20.285714285714285,21.0,-2.571428571428571
3346,Louisiana,2020-06-05,41989,2912,-29.0,-13.0,10.0,11.0,-22.0,29.0,13.0,5.0,-24.0,-17.857142857142858,10.285714285714286,-0.7142857142857143,-27.0,20.714285714285715,20.285714285714285,-2.7619047619047614
3347,Louisiana,2020-06-06,42486,2925,-15.0,-19.0,5.0,-20.0,-20.0,13.0,29.0,10.0,-24.285714285714285,-17.285714285714285,10.0,0.5714285714285714,-26.285714285714285,19.857142857142858,20.714285714285715,-2.2380952380952377
3348,Louisiana,2020-06-07,42816,2936,-27.0,-35.0,9.0,-50.0,-40.0,11.0,13.0,34.0,-26.0,-16.857142857142858,9.857142857142858,1.0,-25.285714285714285,20.714285714285715,19.857142857142858,-2.0
3349,Louisiana,2020-06-08,43050,2944,-34.0,-21.0,14.0,-34.0,-35.0,8.0,11.0,35.0,-27.142857142857142,-14.285714285714286,8.428571428571429,2.857142857142857,-22.571428571428573,20.428571428571427,20.714285714285715,-1.0000000000000002
3350,Louisiana,2020-06-09,43612,2957,-27.0,-7.0,9.0,-2.0,-22.0,13.0,8.0,13.0,-27.0,-13.0,8.142857142857142,6.142857142857143,-21.428571428571427,17.428571428571427,20.428571428571427,0.42857142857142855
3351,Louisiana,2020-06-10,44030,2968,-29.0,-6.0,9.0,10.0,-19.0,11.0,13.0,29.0,-27.0,-12.428571428571429,8.0,5.285714285714286,-21.0,14.0,17.428571428571427,0.2857142857142856
3352,Louisiana,2020-06-11,44472,2987,-28.0,-6.0,8.0,22.0,-17.0,19.0,11.0,13.0,-27.0,-11.857142857142858,7.857142857142857,6.714285714285714,-20.428571428571427,14.857142857142858,14.0,0.9047619047619045
3353,Louisiana,2020-06-12,44995,2996,-29.0,-12.0,9.0,18.0,-20.0,9.0,19.0,11.0,-27.0,-11.285714285714286,7.714285714285714,8.0,-20.0,12.0,14.857142857142858,1.476190476190476
3354,Louisiana,2020-06-13,46283,3004,-13.0,-16.0,3.0,9.0,-14.0,8.0,9.0,8.0,-26.714285714285715,-11.0,7.714285714285714,5.571428571428571,-20.142857142857142,11.285714285714286,12.0,0.7619047619047619
3355,Louisiana,2020-06-14,46619,3014,-16.0,-13.0,3.0,20.0,-19.0,10.0,8.0,13.0,-25.142857142857142,-13.714285714285714,8.428571428571429,-4.0,-22.428571428571427,11.142857142857142,11.285714285714286,-3.095238095238095
