,CountryOrState,Date,confirmed,deaths,work,retail,residential,parks,transit,dDeaths,dDeaths_1,dDeaths_5,aWork,aRetail,aResidential,aParks,aTransit,adDeaths,adDeaths_1,mob_idx
7221,Texas,2020-03-30,3147,45,-46.0,-41.0,20.0,-39.0,-45.0,8.0,7.0,3.0,-41.142857142857146,-27.428571428571427,13.0,-15.714285714285714,-27.571428571428573,5.142857142857143,4.285714285714286,-10.047619047619046
7222,Texas,2020-03-31,3809,54,-47.0,-35.0,20.0,-13.0,-39.0,9.0,8.0,6.0,-42.142857142857146,-30.0,14.0,-16.428571428571427,-29.857142857142858,6.0,5.142857142857143,-10.80952380952381
7223,Texas,2020-04-01,4355,66,-47.0,-33.0,20.0,-6.0,-38.0,12.0,9.0,5.0,-42.57142857142857,-33.285714285714285,15.142857142857142,-18.857142857142858,-32.42857142857143,7.285714285714286,6.0,-12.333333333333334
7224,Texas,2020-04-02,5069,77,-48.0,-39.0,21.0,-22.0,-43.0,11.0,12.0,4.0,-43.0,-35.57142857142857,16.142857142857142,-20.571428571428573,-34.42857142857143,8.0,7.285714285714286,-13.333333333333334
7225,Texas,2020-04-03,5734,100,-48.0,-41.0,23.0,-44.0,-47.0,23.0,11.0,7.0,-43.42857142857143,-37.142857142857146,16.714285714285715,-18.571428571428573,-36.142857142857146,10.571428571428571,8.0,-13.0
7226,Texas,2020-04-04,6567,116,-37.0,-52.0,18.0,-69.0,-52.0,16.0,23.0,8.0,-44.142857142857146,-38.142857142857146,17.0,-17.142857142857142,-37.714285714285715,12.285714285714286,10.571428571428571,-12.761904761904765
7227,Texas,2020-04-05,7209,136,-39.0,-48.0,14.0,-47.0,-53.0,20.0,16.0,9.0,-44.57142857142857,-38.714285714285715,17.285714285714285,-15.142857142857142,-39.142857142857146,14.142857142857142,12.285714285714286,-12.19047619047619
7228,Texas,2020-04-06,8043,150,-47.0,-41.0,20.0,-33.0,-46.0,14.0,20.0,12.0,-44.714285714285715,-40.142857142857146,18.0,-18.714285714285715,-40.714285714285715,15.0,14.142857142857142,-13.61904761904762
7229,Texas,2020-04-07,8925,160,-49.0,-38.0,21.0,-17.0,-42.0,10.0,14.0,11.0,-45.0,-40.857142857142854,18.428571428571427,-20.142857142857142,-41.714285714285715,15.142857142857142,15.0,-14.19047619047619
7230,Texas,2020-04-08,9777,189,-48.0,-38.0,21.0,-14.0,-42.0,29.0,10.0,23.0,-45.142857142857146,-40.0,18.428571428571427,-20.142857142857142,-41.857142857142854,17.571428571428573,15.142857142857142,-13.904761904761905
7231,Texas,2020-04-09,11208,210,-50.0,-39.0,21.0,-21.0,-44.0,21.0,29.0,16.0,-45.42857142857143,-40.142857142857146,18.571428571428573,-23.0,-42.42857142857143,19.0,17.571428571428573,-14.857142857142856
7232,Texas,2020-04-10,12105,238,-56.0,-39.0,24.0,-29.0,-48.0,28.0,21.0,20.0,-46.57142857142857,-40.142857142857146,18.857142857142858,-26.571428571428573,-43.142857142857146,19.714285714285715,19.0,-15.952380952380954
7233,Texas,2020-04-11,13023,266,-38.0,-45.0,16.0,-54.0,-49.0,28.0,28.0,14.0,-46.714285714285715,-40.857142857142854,19.285714285714285,-31.428571428571427,-44.42857142857143,21.428571428571427,19.714285714285715,-17.666666666666668
7234,Texas,2020-04-12,13677,283,-43.0,-57.0,13.0,-53.0,-53.0,17.0,28.0,10.0,-47.285714285714285,-41.285714285714285,19.428571428571427,-34.285714285714285,-45.285714285714285,21.0,21.428571428571427,-18.71428571428571
7235,Texas,2020-04-13,14275,305,-47.0,-38.0,20.0,-29.0,-45.0,22.0,17.0,29.0,-47.285714285714285,-41.285714285714285,19.428571428571427,-33.42857142857143,-45.42857142857143,22.142857142857142,21.0,-18.42857142857143
7236,Texas,2020-04-14,15006,342,-47.0,-36.0,21.0,-26.0,-42.0,37.0,22.0,21.0,-47.0,-41.714285714285715,19.571428571428573,-34.0,-45.857142857142854,26.0,22.142857142857142,-18.71428571428571
7237,Texas,2020-04-15,15907,375,-46.0,-29.0,20.0,-13.0,-39.0,33.0,37.0,28.0,-46.714285714285715,-42.42857142857143,19.714285714285715,-35.142857142857146,-46.42857142857143,26.571428571428573,26.0,-19.28571428571429
7238,Texas,2020-04-16,16876,414,-47.0,-32.0,20.0,-4.0,-41.0,39.0,33.0,28.0,-46.285714285714285,-42.42857142857143,19.714285714285715,-35.0,-46.57142857142857,29.142857142857142,26.571428571428573,-19.238095238095237
7239,Texas,2020-04-17,17849,451,-46.0,-37.0,22.0,-33.0,-43.0,37.0,39.0,17.0,-44.857142857142854,-42.142857142857146,19.857142857142858,-32.857142857142854,-46.714285714285715,30.428571428571427,29.142857142857142,-18.38095238095238
7240,Texas,2020-04-18,18704,476,-31.0,-41.0,14.0,-43.0,-42.0,25.0,37.0,22.0,-43.857142857142854,-41.142857142857146,19.571428571428573,-30.714285714285715,-46.285714285714285,30.0,30.428571428571427,-17.42857142857143
7241,Texas,2020-04-19,19260,490,-36.0,-42.0,13.0,-44.0,-49.0,14.0,25.0,37.0,-42.857142857142854,-42.42857142857143,19.428571428571427,-31.571428571428573,-46.285714285714285,29.571428571428573,30.0,-18.190476190476193
7242,Texas,2020-04-20,19751,507,-45.0,-33.0,18.0,-15.0,-42.0,17.0,14.0,33.0,-42.57142857142857,-42.0,19.428571428571427,-31.0,-46.142857142857146,28.857142857142858,29.571428571428573,-17.857142857142858
7243,Texas,2020-04-21,20574,533,-47.0,-32.0,19.0,-9.0,-40.0,26.0,17.0,39.0,-42.57142857142857,-41.714285714285715,19.428571428571427,-32.285714285714285,-46.142857142857146,27.285714285714285,28.857142857142858,-18.19047619047619
7244,Texas,2020-04-22,21321,556,-46.0,-34.0,20.0,-20.0,-41.0,23.0,26.0,37.0,-42.57142857142857,-40.42857142857143,19.285714285714285,-32.142857142857146,-45.714285714285715,25.857142857142858,27.285714285714285,-17.761904761904763
7245,Texas,2020-04-23,22650,604,-46.0,-31.0,19.0,6.0,-39.0,48.0,23.0,25.0,-42.42857142857143,-39.42857142857143,19.142857142857142,-29.714285714285715,-45.285714285714285,27.142857142857142,25.857142857142858,-16.666666666666668
7246,Texas,2020-04-24,23642,624,-45.0,-33.0,20.0,-10.0,-40.0,20.0,48.0,14.0,-42.285714285714285,-39.142857142857146,18.857142857142858,-30.285714285714285,-44.57142857142857,24.714285714285715,27.142857142857142,-16.857142857142858
7247,Texas,2020-04-25,24153,638,-30.0,-37.0,12.0,-14.0,-37.0,14.0,20.0,17.0,-42.142857142857146,-38.57142857142857,18.571428571428573,-28.714285714285715,-43.57142857142857,23.142857142857142,24.714285714285715,-16.238095238095237
7248,Texas,2020-04-26,24967,651,-34.0,-35.0,10.0,-15.0,-43.0,13.0,14.0,26.0,-41.857142857142854,-36.42857142857143,18.571428571428573,-27.428571428571427,-43.0,23.0,23.142857142857142,-15.095238095238095
7249,Texas,2020-04-27,25321,666,-44.0,-29.0,18.0,-11.0,-40.0,15.0,13.0,23.0,-41.714285714285715,-35.714285714285715,18.285714285714285,-25.428571428571427,-42.57142857142857,22.714285714285715,23.0,-14.285714285714286
7250,Texas,2020-04-28,26357,719,-46.0,-30.0,13.0,-14.0,-38.0,53.0,15.0,48.0,-41.57142857142857,-35.142857142857146,18.0,-23.0,-42.285714285714285,26.571428571428573,22.714285714285715,-13.380952380952381
7251,Texas,2020-04-29,27257,754,-45.0,-27.0,19.0,-3.0,-37.0,35.0,53.0,20.0,-41.42857142857143,-35.857142857142854,18.0,-24.0,-42.57142857142857,28.285714285714285,26.571428571428573,-13.95238095238095
7252,Texas,2020-04-30,28727,812,-45.0,-25.0,18.0,13.0,-35.0,58.0,35.0,14.0,-41.285714285714285,-35.714285714285715,17.857142857142858,-22.571428571428573,-42.285714285714285,29.714285714285715,28.285714285714285,-13.476190476190476
7253,Texas,2020-05-01,29692,840,-43.0,-26.0,17.0,-1.0,-35.0,28.0,58.0,13.0,-41.0,-35.142857142857146,17.571428571428573,-19.285714285714285,-41.857142857142854,30.857142857142858,29.714285714285715,-12.285714285714286
7254,Texas,2020-05-02,30917,863,-26.0,-30.0,10.0,-3.0,-32.0,23.0,28.0,15.0,-40.42857142857143,-34.57142857142857,17.285714285714285,-15.142857142857142,-41.142857142857146,32.142857142857146,30.857142857142858,-10.80952380952381
7255,Texas,2020-05-03,31998,878,-28.0,-28.0,9.0,-9.0,-38.0,15.0,23.0,53.0,-39.57142857142857,-33.57142857142857,16.857142857142858,-11.0,-40.285714285714285,32.42857142857143,32.142857142857146,-9.238095238095237
7256,Texas,2020-05-04,32783,901,-41.0,-23.0,16.0,-5.0,-36.0,23.0,15.0,35.0,-39.142857142857146,-33.0,16.857142857142858,-10.428571428571429,-40.0,33.57142857142857,32.42857142857143,-8.857142857142856
7257,Texas,2020-05-05,33912,925,-42.0,-21.0,17.0,-2.0,-34.0,24.0,23.0,58.0,-38.57142857142857,-32.714285714285715,16.0,-11.142857142857142,-39.714285714285715,29.428571428571427,33.57142857142857,-9.285714285714286
7258,Texas,2020-05-06,34928,954,-41.0,-20.0,16.0,15.0,-33.0,29.0,24.0,28.0,-38.0,-31.714285714285715,15.857142857142858,-8.714285714285714,-39.142857142857146,28.571428571428573,29.428571428571427,-8.19047619047619
7259,Texas,2020-05-07,36036,985,-42.0,-22.0,16.0,16.0,-34.0,31.0,29.0,23.0,-37.57142857142857,-30.857142857142858,15.714285714285714,-7.714285714285714,-38.57142857142857,24.714285714285715,28.571428571428573,-7.6190476190476195
7260,Texas,2020-05-08,37246,1025,-40.0,-23.0,17.0,-6.0,-33.0,40.0,31.0,15.0,-37.142857142857146,-29.857142857142858,15.285714285714286,-6.428571428571429,-37.857142857142854,26.428571428571427,24.714285714285715,-7.0
7261,Texas,2020-05-09,38394,1066,-22.0,-23.0,8.0,-1.0,-28.0,41.0,40.0,23.0,-36.57142857142857,-28.857142857142858,15.0,-4.857142857142857,-37.142857142857146,29.0,26.428571428571427,-6.238095238095238
7262,Texas,2020-05-10,39258,1094,-22.0,-22.0,5.0,-3.0,-32.0,28.0,41.0,24.0,-35.714285714285715,-27.857142857142858,14.857142857142858,-4.0,-36.42857142857143,30.857142857142858,29.0,-5.666666666666667
7263,Texas,2020-05-11,40555,1117,-40.0,-21.0,15.0,2.0,-34.0,23.0,28.0,29.0,-35.57142857142857,-27.0,14.571428571428571,-3.142857142857143,-35.857142857142854,30.857142857142858,30.857142857142858,-5.190476190476191
7264,Texas,2020-05-12,41432,1146,-41.0,-22.0,17.0,-11.0,-34.0,29.0,23.0,31.0,-35.42857142857143,-25.714285714285715,15.142857142857142,-1.4285714285714286,-35.285714285714285,31.571428571428573,30.857142857142858,-4.000000000000001
7265,Texas,2020-05-13,43020,1172,-39.0,-18.0,16.0,10.0,-32.0,26.0,29.0,40.0,-35.142857142857146,-24.714285714285715,14.714285714285714,1.1428571428571428,-34.714285714285715,31.142857142857142,31.571428571428573,-2.952380952380953
7266,Texas,2020-05-14,44480,1235,-40.0,-20.0,16.0,15.0,-34.0,63.0,26.0,41.0,-34.857142857142854,-24.285714285714285,14.428571428571429,1.5714285714285714,-34.57142857142857,35.714285714285715,31.142857142857142,-2.7619047619047614
7267,Texas,2020-05-15,45721,1280,-39.0,-24.0,16.0,-10.0,-35.0,45.0,63.0,28.0,-34.714285714285715,-23.857142857142858,14.428571428571429,0.8571428571428571,-34.285714285714285,36.42857142857143,35.714285714285715,-2.857142857142857
7268,Texas,2020-05-16,47452,1318,-24.0,-29.0,11.0,-30.0,-35.0,38.0,45.0,23.0,-35.0,-22.857142857142858,14.142857142857142,1.1428571428571428,-33.714285714285715,36.0,36.42857142857143,-2.523809523809524
7269,Texas,2020-05-17,48396,1343,-21.0,-22.0,7.0,-1.0,-34.0,25.0,38.0,29.0,-34.857142857142854,-22.0,13.571428571428571,2.0,-32.857142857142854,35.57142857142857,36.0,-2.142857142857143
7270,Texas,2020-05-18,49177,1350,-37.0,-17.0,14.0,3.0,-34.0,7.0,25.0,26.0,-34.42857142857143,-21.714285714285715,13.428571428571429,3.0,-32.57142857142857,33.285714285714285,35.57142857142857,-1.761904761904762
7271,Texas,2020-05-19,50552,1388,-38.0,-15.0,14.0,7.0,-32.0,38.0,7.0,63.0,-34.0,-21.857142857142858,13.428571428571429,1.7142857142857142,-32.57142857142857,34.57142857142857,33.285714285714285,-2.238095238095238
7272,Texas,2020-05-20,51673,1426,-38.0,-14.0,14.0,15.0,-30.0,38.0,38.0,45.0,-33.857142857142854,-21.571428571428573,13.428571428571429,1.0,-32.42857142857143,36.285714285714285,34.57142857142857,-2.3809523809523814
7273,Texas,2020-05-21,53053,1460,-39.0,-14.0,14.0,20.0,-29.0,34.0,38.0,38.0,-33.714285714285715,-21.285714285714285,13.428571428571429,0.8571428571428571,-32.42857142857143,32.142857142857146,36.285714285714285,-2.333333333333333
7274,Texas,2020-05-22,53539,1470,-38.0,-17.0,13.0,10.0,-28.0,10.0,34.0,25.0,-33.57142857142857,-21.428571428571427,13.285714285714286,0.2857142857142857,-32.714285714285715,27.142857142857142,32.142857142857146,-2.619047619047618
7275,Texas,2020-05-23,54776,1478,-18.0,-22.0,6.0,10.0,-25.0,8.0,10.0,7.0,-32.714285714285715,-22.285714285714285,13.714285714285714,-3.857142857142857,-33.714285714285715,22.857142857142858,27.142857142857142,-4.142857142857143
7276,Texas,2020-05-24,55861,1528,-21.0,-22.0,6.0,-6.0,-35.0,50.0,8.0,38.0,-32.714285714285715,-22.285714285714285,14.0,-3.5714285714285716,-34.0,26.428571428571427,22.857142857142858,-3.952380952380952
7277,Texas,2020-05-25,56409,1533,-69.0,-22.0,22.0,-5.0,-42.0,5.0,50.0,38.0,-37.285714285714285,-21.714285714285715,13.857142857142858,-3.4285714285714284,-34.0,26.142857142857142,26.428571428571427,-3.7619047619047623
7278,Texas,2020-05-26,57230,1546,-37.0,-15.0,14.0,4.0,-31.0,13.0,5.0,34.0,-37.142857142857146,-20.714285714285715,13.428571428571429,-0.8571428571428571,-33.714285714285715,22.571428571428573,26.142857142857142,-2.714285714285715
7279,Texas,2020-05-27,58542,1581,-36.0,-14.0,14.0,9.0,-30.0,35.0,13.0,10.0,-36.857142857142854,-20.142857142857142,13.142857142857142,-0.14285714285714285,-33.42857142857143,22.142857142857142,22.571428571428573,-2.380952380952381
7280,Texas,2020-05-28,60395,1611,-37.0,-13.0,14.0,18.0,-30.0,30.0,35.0,8.0,-36.57142857142857,-19.285714285714285,12.857142857142858,0.5714285714285714,-32.714285714285715,21.571428571428573,22.142857142857142,-1.9523809523809519
7281,Texas,2020-05-29,60901,1619,-35.0,-15.0,13.0,13.0,-28.0,8.0,30.0,50.0,-36.142857142857146,-18.285714285714285,12.428571428571429,3.4285714285714284,-31.714285714285715,21.285714285714285,21.571428571428573,-0.8095238095238092
7282,Texas,2020-05-30,62675,1652,-10.0,-19.0,5.0,15.0,-22.0,33.0,8.0,5.0,-35.0,-17.285714285714285,11.714285714285714,9.142857142857142,-30.285714285714285,24.857142857142858,21.285714285714285,1.1904761904761905
7283,Texas,2020-05-31,64652,1675,-13.0,-18.0,6.0,-5.0,-29.0,23.0,33.0,13.0,-33.857142857142854,-17.285714285714285,11.571428571428571,8.428571428571429,-30.428571428571427,21.0,24.857142857142858,0.9047619047619051
7284,Texas,2020-06-01,65593,1683,-35.0,-12.0,12.0,1.0,-30.0,8.0,23.0,35.0,-29.0,-18.0,12.714285714285714,7.285714285714286,-31.571428571428573,21.428571428571427,21.0,0.6666666666666664
7285,Texas,2020-06-02,67310,1716,-36.0,-11.0,13.0,14.0,-28.0,33.0,8.0,30.0,-28.857142857142858,-18.0,12.714285714285714,6.857142857142857,-31.428571428571427,24.285714285714285,21.428571428571427,0.5238095238095234
7286,Texas,2020-06-03,68877,1744,-35.0,-9.0,12.0,15.0,-28.0,28.0,33.0,8.0,-28.714285714285715,-18.0,12.714285714285714,6.0,-31.428571428571427,23.285714285714285,24.285714285714285,0.23809523809523783
7287,Texas,2020-06-04,70555,1776,-36.0,-11.0,12.0,26.0,-27.0,32.0,28.0,33.0,-28.571428571428573,-17.857142857142858,12.714285714285714,5.714285714285714,-31.571428571428573,23.571428571428573,23.285714285714285,0.1904761904761901
7288,Texas,2020-06-05,72548,1812,-35.0,-14.0,12.0,12.0,-27.0,36.0,32.0,23.0,-28.571428571428573,-17.571428571428573,12.714285714285714,6.142857142857143,-31.571428571428573,27.571428571428573,23.571428571428573,0.42857142857142794
7289,Texas,2020-06-06,74470,1833,-13.0,-18.0,5.0,15.0,-23.0,21.0,36.0,8.0,-29.0,-17.142857142857142,12.571428571428571,6.857142857142857,-31.142857142857142,25.857142857142858,27.571428571428573,0.7619047619047619
7290,Texas,2020-06-07,75408,1841,-15.0,-15.0,5.0,4.0,-28.0,8.0,21.0,33.0,-29.285714285714285,-16.571428571428573,12.571428571428571,7.0,-30.285714285714285,23.714285714285715,25.857142857142858,0.9999999999999994
7291,Texas,2020-06-08,76463,1848,-35.0,-13.0,12.0,4.0,-29.0,7.0,8.0,28.0,-29.285714285714285,-15.142857142857142,11.142857142857142,7.857142857142857,-28.571428571428573,23.571428571428573,23.714285714285715,1.2857142857142856
7292,Texas,2020-06-09,78208,1867,-36.0,-12.0,12.0,10.0,-28.0,19.0,7.0,32.0,-29.285714285714285,-14.571428571428571,11.0,9.285714285714286,-28.142857142857142,21.571428571428573,23.571428571428573,1.904761904761905
7293,Texas,2020-06-10,80777,1905,-34.0,-9.0,12.0,26.0,-26.0,38.0,19.0,36.0,-29.142857142857142,-13.857142857142858,10.714285714285714,10.142857142857142,-27.857142857142858,23.0,21.571428571428573,2.3333333333333326
7294,Texas,2020-06-11,82658,1930,-36.0,-10.0,12.0,35.0,-26.0,25.0,38.0,21.0,-29.142857142857142,-13.571428571428571,10.428571428571429,11.285714285714286,-27.428571428571427,22.0,23.0,2.714285714285715
7295,Texas,2020-06-12,84927,1956,-35.0,-13.0,11.0,20.0,-25.0,26.0,25.0,8.0,-29.142857142857142,-13.428571428571429,10.285714285714286,11.142857142857142,-27.285714285714285,20.571428571428573,22.0,2.6666666666666665
7296,Texas,2020-06-13,86915,1971,-11.0,-17.0,4.0,23.0,-20.0,15.0,26.0,7.0,-28.857142857142858,-13.285714285714286,10.285714285714286,11.142857142857142,-27.428571428571427,19.714285714285715,20.571428571428573,2.714285714285714
7297,Texas,2020-06-14,88523,1984,-13.0,-14.0,4.0,11.0,-25.0,13.0,15.0,19.0,-28.571428571428573,-12.857142857142858,10.142857142857142,12.428571428571429,-27.285714285714285,20.428571428571427,19.714285714285715,3.2380952380952377
