,CountryOrState,Date,confirmed,deaths,work,retail,residential,parks,transit,dDeaths,dDeaths_1,dDeaths_5,aWork,aRetail,aResidential,aParks,aTransit,adDeaths,adDeaths_1,mob_idx
6782,South Carolina,2020-03-29,774,16,-34.0,-38.0,9.0,-4.0,-34.0,1.0,2.0,0.0,-32.285714285714285,-20.857142857142858,8.0,15.571428571428571,-9.714285714285714,1.8571428571428572,1.7142857142857142,0.9047619047619045
6783,South Carolina,2020-03-30,925,18,-36.0,-30.0,13.0,-1.0,-30.0,2.0,1.0,2.0,-33.142857142857146,-25.571428571428573,9.285714285714286,10.714285714285714,-13.142857142857142,1.8571428571428572,1.8571428571428572,-1.857142857142857
6784,South Carolina,2020-03-31,1083,22,-39.0,-32.0,16.0,-30.0,-27.0,4.0,2.0,2.0,-34.0,-29.571428571428573,10.571428571428571,5.857142857142857,-16.142857142857142,2.4285714285714284,1.8571428571428572,-4.3809523809523805
6785,South Carolina,2020-04-01,1293,26,-40.0,-30.0,15.0,-26.0,-26.0,4.0,4.0,4.0,-34.857142857142854,-31.142857142857142,11.285714285714286,4.142857142857143,-18.571428571428573,2.7142857142857144,2.4285714285714284,-5.238095238095237
6786,South Carolina,2020-04-02,1554,31,-41.0,-33.0,16.0,-20.0,-29.0,5.0,4.0,2.0,-35.714285714285715,-32.42857142857143,12.0,-1.1428571428571428,-20.714285714285715,3.142857142857143,2.7142857142857144,-7.190476190476191
6787,South Carolina,2020-04-03,1700,34,-41.0,-32.0,15.0,-18.0,-33.0,3.0,5.0,1.0,-36.57142857142857,-33.42857142857143,12.571428571428571,-4.714285714285714,-22.714285714285715,3.0,3.142857142857143,-8.523809523809526
6788,South Carolina,2020-04-04,1917,40,-31.0,-40.0,11.0,-22.0,-39.0,6.0,3.0,2.0,-37.42857142857143,-33.857142857142854,12.857142857142858,-8.571428571428571,-25.0,3.5714285714285716,3.0,-9.857142857142856
6789,South Carolina,2020-04-05,2049,44,-38.0,-42.0,10.0,-24.0,-41.0,4.0,6.0,4.0,-38.0,-33.714285714285715,12.857142857142858,-6.0,-26.571428571428573,4.0,3.5714285714285716,-8.952380952380953
6790,South Carolina,2020-04-06,2232,48,-41.0,-33.0,15.0,-11.0,-33.0,4.0,4.0,4.0,-38.714285714285715,-33.142857142857146,12.857142857142858,-3.142857142857143,-27.285714285714285,4.285714285714286,4.0,-7.80952380952381
6791,South Carolina,2020-04-07,2417,51,-43.0,-36.0,17.0,-21.0,-31.0,3.0,4.0,5.0,-39.285714285714285,-32.57142857142857,12.857142857142858,-3.4285714285714284,-27.857142857142858,4.142857142857143,4.285714285714286,-7.714285714285713
6792,South Carolina,2020-04-08,2417,51,-45.0,-41.0,17.0,-26.0,-30.0,0.0,3.0,3.0,-40.0,-32.57142857142857,13.0,-6.857142857142857,-28.571428571428573,3.5714285714285716,4.142857142857143,-8.809523809523808
6793,South Carolina,2020-04-09,2793,67,-45.0,-38.0,18.0,-22.0,-32.0,16.0,0.0,6.0,-40.57142857142857,-32.857142857142854,13.142857142857142,-9.0,-29.285714285714285,5.142857142857143,3.5714285714285716,-9.571428571428571
6794,South Carolina,2020-04-10,3067,72,-52.0,-37.0,19.0,-26.0,-40.0,5.0,16.0,4.0,-42.142857142857146,-32.857142857142854,13.285714285714286,-12.428571428571429,-30.142857142857142,5.428571428571429,5.142857142857143,-10.666666666666666
6795,South Carolina,2020-04-11,3211,80,-34.0,-41.0,11.0,-24.0,-45.0,8.0,5.0,4.0,-42.57142857142857,-33.57142857142857,13.571428571428571,-17.285714285714285,-31.142857142857142,5.714285714285714,5.428571428571429,-12.428571428571429
6796,South Carolina,2020-04-12,3320,82,-46.0,-64.0,12.0,-56.0,-52.0,2.0,8.0,3.0,-43.714285714285715,-34.142857142857146,13.714285714285714,-20.142857142857142,-32.142857142857146,5.428571428571429,5.714285714285714,-13.523809523809524
6797,South Carolina,2020-04-13,3391,82,-45.0,-36.0,16.0,-23.0,-37.0,0.0,2.0,0.0,-44.285714285714285,-34.57142857142857,14.0,-21.571428571428573,-32.57142857142857,4.857142857142857,5.428571428571429,-14.047619047619046
6798,South Carolina,2020-04-14,3553,97,-41.0,-29.0,15.0,-11.0,-27.0,15.0,0.0,16.0,-44.0,-35.142857142857146,14.142857142857142,-20.285714285714285,-33.142857142857146,6.571428571428571,4.857142857142857,-13.761904761904765
6799,South Carolina,2020-04-15,3656,106,-42.0,-25.0,16.0,-32.0,-28.0,9.0,15.0,5.0,-43.57142857142857,-36.714285714285715,14.428571428571429,-20.285714285714285,-33.714285714285715,7.857142857142857,6.571428571428571,-14.19047619047619
6800,South Carolina,2020-04-16,3931,111,-41.0,-26.0,16.0,-19.0,-27.0,5.0,9.0,8.0,-43.0,-37.42857142857143,14.714285714285714,-20.571428571428573,-34.142857142857146,6.285714285714286,7.857142857142857,-14.42857142857143
6801,South Carolina,2020-04-17,4099,116,-41.0,-30.0,15.0,-16.0,-30.0,5.0,5.0,2.0,-41.42857142857143,-38.142857142857146,15.285714285714286,-21.714285714285715,-35.142857142857146,6.285714285714286,6.285714285714286,-14.85714285714286
6802,South Carolina,2020-04-18,4248,119,-29.0,-34.0,10.0,-12.0,-33.0,3.0,5.0,0.0,-40.714285714285715,-38.285714285714285,15.285714285714286,-22.0,-36.0,5.571428571428571,6.285714285714286,-15.0
6803,South Carolina,2020-04-19,4377,120,-37.0,-41.0,11.0,-48.0,-40.0,1.0,3.0,15.0,-39.42857142857143,-41.42857142857143,15.571428571428571,-26.571428571428573,-37.57142857142857,5.428571428571429,5.571428571428571,-17.476190476190478
6804,South Carolina,2020-04-20,4446,123,-40.0,-30.0,16.0,-25.0,-33.0,3.0,1.0,9.0,-38.714285714285715,-41.857142857142854,15.714285714285714,-28.285714285714285,-38.142857142857146,5.857142857142857,5.428571428571429,-18.142857142857142
6805,South Carolina,2020-04-21,4439,124,-40.0,-25.0,15.0,-6.0,-23.0,1.0,3.0,5.0,-38.57142857142857,-40.857142857142854,15.428571428571429,-26.857142857142858,-37.57142857142857,3.857142857142857,5.857142857142857,-17.428571428571427
6806,South Carolina,2020-04-22,4761,140,-41.0,-25.0,15.0,-11.0,-22.0,16.0,1.0,5.0,-38.42857142857143,-38.57142857142857,15.285714285714286,-27.714285714285715,-37.285714285714285,4.857142857142857,3.857142857142857,-17.0
6807,South Carolina,2020-04-23,4917,150,-42.0,-34.0,19.0,-46.0,-31.0,10.0,16.0,3.0,-38.57142857142857,-36.857142857142854,15.0,-27.285714285714285,-36.57142857142857,5.571428571428571,4.857142857142857,-16.38095238095238
6808,South Carolina,2020-04-24,5070,157,-40.0,-29.0,15.0,-13.0,-28.0,7.0,10.0,1.0,-38.42857142857143,-35.857142857142854,14.428571428571429,-25.857142857142858,-35.142857142857146,5.857142857142857,5.571428571428571,-15.76190476190476
6809,South Carolina,2020-04-25,5253,166,-28.0,-32.0,9.0,-2.0,-29.0,9.0,7.0,3.0,-38.285714285714285,-34.857142857142854,14.285714285714286,-24.142857142857142,-33.42857142857143,6.714285714285714,5.857142857142857,-14.904761904761903
6810,South Carolina,2020-04-26,5498,174,-34.0,-30.0,8.0,-7.0,-30.0,8.0,9.0,1.0,-37.857142857142854,-31.571428571428573,14.142857142857142,-23.0,-31.714285714285715,7.714285714285714,6.714285714285714,-13.476190476190476
6811,South Carolina,2020-04-27,5613,177,-37.0,-20.0,13.0,0.0,-24.0,3.0,8.0,16.0,-37.42857142857143,-30.714285714285715,14.142857142857142,-23.285714285714285,-31.142857142857142,7.714285714285714,7.714285714285714,-13.285714285714286
6812,South Carolina,2020-04-28,5735,192,-39.0,-19.0,9.0,0.0,-18.0,15.0,3.0,10.0,-37.285714285714285,-30.142857142857142,14.142857142857142,-22.571428571428573,-30.571428571428573,9.714285714285714,7.714285714285714,-12.857142857142856
6813,South Carolina,2020-04-29,5882,231,-40.0,-21.0,14.0,-17.0,-19.0,39.0,15.0,7.0,-37.142857142857146,-30.142857142857142,14.0,-19.571428571428573,-29.714285714285715,13.0,9.714285714285714,-11.904761904761905
6814,South Carolina,2020-04-30,6095,244,-39.0,-21.0,16.0,-24.0,-23.0,13.0,39.0,9.0,-36.714285714285715,-31.285714285714285,14.428571428571429,-23.428571428571427,-30.285714285714285,13.428571428571429,13.0,-13.428571428571425
6815,South Carolina,2020-05-01,6258,256,-38.0,-19.0,13.0,7.0,-19.0,12.0,13.0,8.0,-36.42857142857143,-31.142857142857142,14.428571428571429,-23.0,-30.0,14.142857142857142,13.428571428571429,-13.238095238095239
6816,South Carolina,2020-05-02,6489,267,-25.0,-23.0,7.0,35.0,-19.0,11.0,12.0,3.0,-36.0,-30.857142857142858,14.285714285714286,-21.571428571428573,-29.428571428571427,14.428571428571429,14.142857142857142,-12.714285714285714
6817,South Carolina,2020-05-03,6626,275,-29.0,-22.0,6.0,27.0,-21.0,8.0,11.0,15.0,-35.285714285714285,-29.285714285714285,13.857142857142858,-15.714285714285714,-28.0,14.428571428571429,14.428571428571429,-10.38095238095238
6818,South Carolina,2020-05-04,6757,283,-34.0,-14.0,11.0,16.0,-21.0,8.0,8.0,39.0,-34.857142857142854,-27.857142857142858,13.428571428571429,-12.142857142857142,-26.714285714285715,15.142857142857142,14.428571428571429,-8.857142857142856
6819,South Carolina,2020-05-05,6841,296,-36.0,-14.0,13.0,2.0,-18.0,13.0,8.0,13.0,-34.42857142857143,-27.0,12.571428571428571,-11.285714285714286,-26.0,14.857142857142858,15.142857142857142,-8.571428571428571
6820,South Carolina,2020-05-06,6936,305,-36.0,-14.0,13.0,3.0,-15.0,9.0,13.0,12.0,-33.857142857142854,-26.428571428571427,12.428571428571429,-12.142857142857142,-25.571428571428573,10.571428571428571,14.857142857142858,-8.714285714285714
6821,South Carolina,2020-05-07,7142,316,-35.0,-15.0,13.0,10.0,-15.0,11.0,9.0,11.0,-33.285714285714285,-24.571428571428573,12.0,-9.0,-24.428571428571427,10.285714285714286,10.571428571428571,-7.190476190476191
6822,South Carolina,2020-05-08,7367,320,-36.0,-19.0,13.0,-3.0,-16.0,4.0,11.0,8.0,-33.0,-23.142857142857142,11.714285714285714,-6.142857142857143,-23.142857142857142,9.142857142857142,10.285714285714286,-5.857142857142858
6823,South Carolina,2020-05-09,7531,330,-22.0,-15.0,5.0,29.0,-10.0,10.0,4.0,8.0,-32.57142857142857,-21.857142857142858,11.428571428571429,-0.8571428571428571,-21.714285714285715,9.0,9.142857142857142,-3.7619047619047623
6824,South Carolina,2020-05-10,7653,331,-26.0,-17.0,4.0,26.0,-14.0,1.0,10.0,13.0,-32.142857142857146,-20.714285714285715,11.142857142857142,4.0,-20.428571428571427,8.0,9.0,-1.8571428571428577
6825,South Carolina,2020-05-11,7792,346,-33.0,-13.0,11.0,24.0,-14.0,15.0,1.0,9.0,-32.0,-19.857142857142858,10.857142857142858,6.285714285714286,-20.0,9.0,8.0,-0.9047619047619048
6826,South Carolina,2020-05-12,7927,355,-33.0,-11.0,12.0,20.0,-10.0,9.0,15.0,11.0,-31.571428571428573,-19.142857142857142,11.428571428571429,6.571428571428571,-20.0,8.428571428571429,9.0,-0.38095238095238076
6827,South Carolina,2020-05-13,8030,362,-33.0,-12.0,12.0,19.0,-11.0,7.0,9.0,4.0,-31.142857142857142,-18.142857142857142,11.285714285714286,9.428571428571429,-19.428571428571427,8.142857142857142,8.428571428571429,0.8571428571428577
6828,South Carolina,2020-05-14,8189,371,-33.0,-13.0,10.0,29.0,-11.0,9.0,7.0,10.0,-30.857142857142858,-17.285714285714285,10.857142857142858,14.285714285714286,-18.285714285714285,7.857142857142857,8.142857142857142,2.61904761904762
6829,South Carolina,2020-05-15,8407,380,-34.0,-13.0,10.0,43.0,-9.0,9.0,9.0,1.0,-30.571428571428573,-17.285714285714285,10.857142857142858,12.857142857142858,-17.857142857142858,8.571428571428571,7.857142857142857,2.1428571428571437
6830,South Carolina,2020-05-16,8661,380,-20.0,-14.0,5.0,79.0,-6.0,0.0,9.0,15.0,-30.285714285714285,-16.142857142857142,10.571428571428571,12.0,-16.571428571428573,7.142857142857143,8.571428571428571,2.142857142857143
6831,South Carolina,2020-05-17,8816,385,-23.0,-12.0,5.0,51.0,-4.0,5.0,0.0,9.0,-29.857142857142858,-15.428571428571429,10.285714285714286,11.857142857142858,-15.571428571428571,7.714285714285714,7.142857142857143,2.2380952380952386
6832,South Carolina,2020-05-18,8942,391,-30.0,-10.0,11.0,15.0,-14.0,6.0,5.0,7.0,-29.428571428571427,-15.285714285714286,10.285714285714286,13.0,-14.571428571428571,6.428571428571429,7.714285714285714,2.6666666666666665
6833,South Carolina,2020-05-19,9056,399,-31.0,-9.0,12.0,4.0,-10.0,8.0,6.0,9.0,-29.142857142857142,-14.857142857142858,10.142857142857142,15.571428571428571,-13.428571428571429,6.285714285714286,6.428571428571429,3.6190476190476186
6834,South Carolina,2020-05-20,9175,407,-33.0,-13.0,13.0,-16.0,-11.0,8.0,8.0,9.0,-29.142857142857142,-14.571428571428571,10.0,17.857142857142858,-12.857142857142858,6.428571428571429,6.285714285714286,4.428571428571429
6835,South Carolina,2020-05-21,9381,416,-32.0,-7.0,12.0,12.0,-5.0,9.0,8.0,0.0,-29.0,-14.285714285714286,9.571428571428571,20.571428571428573,-12.285714285714286,6.428571428571429,6.428571428571429,5.285714285714286
6836,South Carolina,2020-05-22,9638,419,-32.0,-9.0,10.0,38.0,2.0,3.0,9.0,5.0,-28.714285714285715,-13.428571428571429,9.142857142857142,27.142857142857142,-11.285714285714286,5.571428571428571,6.428571428571429,7.619047619047618
6837,South Carolina,2020-05-23,9895,425,-15.0,-9.0,3.0,91.0,7.0,6.0,3.0,6.0,-28.0,-13.285714285714286,9.142857142857142,34.285714285714285,-10.714285714285714,6.428571428571429,5.571428571428571,10.047619047619046
6838,South Carolina,2020-05-24,10096,435,-23.0,-7.0,4.0,79.0,0.0,10.0,6.0,8.0,-28.0,-12.571428571428571,9.285714285714286,37.857142857142854,-9.285714285714286,7.142857142857143,6.428571428571429,11.523809523809524
6839,South Carolina,2020-05-25,10178,440,-65.0,-13.0,18.0,68.0,-18.0,5.0,10.0,8.0,-33.0,-12.142857142857142,9.285714285714286,36.57142857142857,-9.285714285714286,7.0,7.142857142857143,11.238095238095239
6840,South Carolina,2020-05-26,10416,446,-30.0,-6.0,10.0,15.0,-2.0,6.0,5.0,9.0,-32.857142857142854,-11.857142857142858,9.285714285714286,34.285714285714285,-9.285714285714286,6.714285714285714,7.0,10.571428571428571
6841,South Carolina,2020-05-27,10623,466,-31.0,-11.0,12.0,-4.0,-6.0,20.0,6.0,3.0,-32.57142857142857,-12.0,9.428571428571429,29.285714285714285,-9.285714285714286,8.428571428571429,6.714285714285714,8.904761904761905
6842,South Carolina,2020-05-28,10788,470,-29.0,-6.0,11.0,21.0,-4.0,4.0,20.0,6.0,-32.142857142857146,-11.142857142857142,9.714285714285714,26.857142857142858,-8.428571428571429,7.714285714285714,8.428571428571429,8.476190476190476
6843,South Carolina,2020-05-29,11131,483,-29.0,-10.0,10.0,22.0,-4.0,13.0,4.0,10.0,-31.714285714285715,-10.571428571428571,9.714285714285714,26.142857142857142,-6.857142857142857,9.142857142857142,7.714285714285714,8.428571428571429
6844,South Carolina,2020-05-30,11394,487,-9.0,-10.0,4.0,56.0,7.0,4.0,13.0,5.0,-30.857142857142858,-9.857142857142858,9.428571428571429,27.857142857142858,-5.0,8.857142857142858,9.142857142857142,9.142857142857144
6845,South Carolina,2020-05-31,11861,494,-14.0,-9.0,4.0,60.0,8.0,7.0,4.0,6.0,-29.571428571428573,-9.142857142857142,9.285714285714286,31.857142857142858,-4.428571428571429,8.428571428571429,8.857142857142858,10.666666666666666
6846,South Carolina,2020-06-01,12148,500,-26.0,0.0,7.0,54.0,-1.0,6.0,7.0,20.0,-24.0,-9.571428571428571,10.285714285714286,39.42857142857143,-5.0,8.571428571428571,8.428571428571429,13.380952380952381
6847,South Carolina,2020-06-02,12415,501,-27.0,1.0,8.0,57.0,1.0,1.0,6.0,4.0,-23.571428571428573,-9.142857142857142,10.0,41.0,-3.857142857142857,7.857142857142857,8.571428571428571,13.952380952380954
6848,South Carolina,2020-06-03,12415,501,-28.0,2.0,8.0,49.0,3.0,0.0,1.0,13.0,-23.142857142857142,-8.857142857142858,9.857142857142858,42.714285714285715,-3.142857142857143,5.0,7.857142857142857,14.571428571428571
6849,South Carolina,2020-06-04,12415,501,-28.0,-2.0,9.0,38.0,2.0,0.0,0.0,4.0,-23.0,-8.714285714285714,9.714285714285714,44.0,-3.0,4.428571428571429,5.0,15.0
6850,South Carolina,2020-06-05,13453,539,-29.0,-5.0,8.0,46.0,6.0,38.0,0.0,7.0,-23.0,-8.857142857142858,9.714285714285714,41.714285714285715,-3.857142857142857,8.0,4.428571428571429,14.19047619047619
6851,South Carolina,2020-06-06,13453,539,-10.0,-8.0,3.0,81.0,15.0,0.0,38.0,6.0,-23.142857142857142,-9.0,9.857142857142858,36.714285714285715,-3.857142857142857,7.428571428571429,8.0,12.523809523809524
6852,South Carolina,2020-06-07,14286,546,-16.0,-4.0,3.0,64.0,18.0,7.0,0.0,1.0,-23.428571428571427,-9.285714285714286,9.857142857142858,34.0,-2.7142857142857144,7.428571428571429,7.428571428571429,11.523809523809524
6853,South Carolina,2020-06-08,14800,557,-26.0,-2.0,8.0,45.0,0.0,11.0,7.0,0.0,-23.428571428571427,-7.428571428571429,8.285714285714286,32.0,-0.2857142857142857,8.142857142857142,7.428571428571429,10.952380952380954
6854,South Carolina,2020-06-09,15228,568,-28.0,0.0,8.0,59.0,5.0,11.0,11.0,0.0,-23.571428571428573,-6.428571428571429,8.0,38.0,0.14285714285714285,9.571428571428571,8.142857142857142,13.19047619047619
6855,South Carolina,2020-06-10,15759,575,-28.0,-3.0,9.0,36.0,0.0,7.0,11.0,38.0,-23.571428571428573,-4.571428571428571,7.428571428571429,45.57142857142857,1.4285714285714286,10.571428571428571,9.571428571428571,16.142857142857142
6856,South Carolina,2020-06-11,16441,588,-28.0,-3.0,9.0,40.0,0.0,13.0,7.0,0.0,-23.571428571428573,-4.0,7.142857142857143,48.0,2.2857142857142856,12.428571428571429,10.571428571428571,17.047619047619047
6857,South Carolina,2020-06-12,17170,593,-29.0,-6.0,8.0,44.0,4.0,5.0,13.0,7.0,-23.571428571428573,-3.2857142857142856,6.857142857142857,51.42857142857143,3.7142857142857144,7.714285714285714,12.428571428571429,18.333333333333332
6858,South Carolina,2020-06-13,17955,599,-8.0,-6.0,2.0,95.0,14.0,6.0,5.0,11.0,-23.285714285714285,-3.0,6.714285714285714,55.0,4.857142857142857,8.571428571428571,7.714285714285714,19.571428571428573
6859,South Carolina,2020-06-14,18795,600,-14.0,-4.0,3.0,61.0,13.0,1.0,6.0,11.0,-23.0,-2.2857142857142856,6.571428571428571,55.57142857142857,6.285714285714286,7.714285714285714,8.571428571428571,19.952380952380953
