,CountryOrState,Date,confirmed,deaths,work,retail,residential,parks,transit,dDeaths,dDeaths_1,dDeaths_5,aWork,aRetail,aResidential,aParks,aTransit,adDeaths,adDeaths_1,mob_idx
658,Arkansas,2020-04-06,875,16,-36.0,-29.0,13.0,15.0,-25.0,0.0,2.0,2.0,-33.142857142857146,-29.428571428571427,11.714285714285714,63.142857142857146,-21.142857142857142,1.2857142857142858,1.4285714285714286,15.142857142857144
659,Arkansas,2020-04-07,946,18,-37.0,-30.0,14.0,46.0,-24.0,2.0,0.0,2.0,-33.42857142857143,-28.857142857142858,11.571428571428571,60.857142857142854,-21.714285714285715,1.4285714285714286,1.2857142857142858,14.523809523809524
660,Arkansas,2020-04-08,1000,18,-37.0,-25.0,12.0,81.0,-24.0,0.0,2.0,0.0,-33.714285714285715,-28.0,11.428571428571429,56.142857142857146,-21.714285714285715,1.1428571428571428,1.4285714285714286,13.190476190476192
661,Arkansas,2020-04-09,1119,21,-38.0,-25.0,13.0,58.0,-25.0,3.0,0.0,2.0,-34.0,-28.0,11.571428571428571,45.57142857142857,-22.142857142857142,1.2857142857142858,1.1428571428571428,9.714285714285714
662,Arkansas,2020-04-10,1171,21,-43.0,-25.0,15.0,62.0,-30.0,0.0,3.0,2.0,-35.0,-28.0,11.857142857142858,33.857142857142854,-22.857142857142858,1.2857142857142858,1.2857142857142858,5.904761904761904
663,Arkansas,2020-04-11,1228,25,-26.0,-35.0,10.0,1.0,-34.0,4.0,0.0,0.0,-35.142857142857146,-28.428571428571427,12.142857142857142,29.428571428571427,-23.571428571428573,1.5714285714285714,1.2857142857142858,4.3809523809523805
664,Arkansas,2020-04-12,1280,27,-36.0,-53.0,10.0,-27.0,-39.0,2.0,4.0,2.0,-36.142857142857146,-29.428571428571427,12.285714285714286,21.428571428571427,-25.142857142857142,1.5714285714285714,1.5714285714285714,1.4285714285714295
665,Arkansas,2020-04-13,1410,29,-39.0,-26.0,12.0,-9.0,-22.0,2.0,2.0,0.0,-36.57142857142857,-29.142857142857142,12.142857142857142,26.285714285714285,-25.142857142857142,1.8571428571428572,1.5714285714285714,3.095238095238095
666,Arkansas,2020-04-14,1498,32,-38.0,-25.0,13.0,11.0,-21.0,3.0,2.0,3.0,-36.714285714285715,-29.714285714285715,12.285714285714286,27.714285714285715,-25.571428571428573,2.0,1.8571428571428572,3.4285714285714284
667,Arkansas,2020-04-15,1569,33,-35.0,-10.0,11.0,56.0,-18.0,1.0,3.0,0.0,-36.42857142857143,-30.571428571428573,12.428571428571429,28.571428571428573,-26.428571428571427,2.142857142857143,2.0,3.476190476190476
668,Arkansas,2020-04-16,1620,37,-36.0,-15.0,11.0,66.0,-19.0,4.0,1.0,4.0,-36.142857142857146,-30.714285714285715,12.428571428571429,28.428571428571427,-27.0,2.2857142857142856,2.142857142857143,3.380952380952381
669,Arkansas,2020-04-17,1695,37,-36.0,-23.0,14.0,23.0,-25.0,0.0,4.0,2.0,-35.142857142857146,-30.285714285714285,12.428571428571429,36.42857142857143,-27.428571428571427,2.2857142857142856,2.2857142857142856,6.1904761904761925
670,Arkansas,2020-04-18,1744,38,-19.0,-25.0,7.0,36.0,-20.0,1.0,0.0,2.0,-34.142857142857146,-29.285714285714285,12.142857142857142,41.142857142857146,-27.857142857142858,1.8571428571428572,2.2857142857142856,8.000000000000002
671,Arkansas,2020-04-19,1781,39,-29.0,-31.0,9.0,-26.0,-34.0,1.0,1.0,3.0,-33.142857142857146,-31.714285714285715,12.428571428571429,33.714285714285715,-28.714285714285715,1.7142857142857142,1.8571428571428572,4.80952380952381
672,Arkansas,2020-04-20,1973,41,-34.0,-16.0,12.0,35.0,-20.0,2.0,1.0,1.0,-32.42857142857143,-31.285714285714285,12.285714285714286,30.285714285714285,-28.285714285714285,1.7142857142857142,1.7142857142857142,3.7619047619047614
673,Arkansas,2020-04-21,1990,42,-35.0,-15.0,11.0,85.0,-16.0,1.0,2.0,4.0,-32.0,-30.571428571428573,12.142857142857142,25.285714285714285,-27.857142857142858,1.4285714285714286,1.7142857142857142,2.2857142857142847
674,Arkansas,2020-04-22,2276,42,-36.0,-25.0,15.0,-11.0,-23.0,0.0,1.0,0.0,-32.142857142857146,-28.428571428571427,12.0,21.714285714285715,-27.0,1.2857142857142858,1.4285714285714286,1.7619047619047628
675,Arkansas,2020-04-23,2599,45,-35.0,-18.0,12.0,46.0,-20.0,3.0,0.0,1.0,-32.0,-27.0,11.714285714285714,22.857142857142858,-26.142857142857142,1.1428571428571428,1.2857142857142858,2.5238095238095237
676,Arkansas,2020-04-24,2810,47,-35.0,-20.0,13.0,34.0,-22.0,2.0,3.0,1.0,-31.857142857142858,-26.714285714285715,11.571428571428571,17.285714285714285,-25.428571428571427,1.4285714285714286,1.1428571428571428,0.7142857142857135
677,Arkansas,2020-04-25,2911,48,-20.0,-23.0,7.0,27.0,-20.0,1.0,2.0,2.0,-32.0,-25.285714285714285,11.142857142857142,22.285714285714285,-23.428571428571427,1.4285714285714286,1.4285714285714286,2.714285714285714
678,Arkansas,2020-04-26,3001,51,-25.0,-18.0,5.0,78.0,-22.0,3.0,1.0,1.0,-31.428571428571427,-22.142857142857142,11.0,22.428571428571427,-22.714285714285715,1.7142857142857142,1.4285714285714286,3.7619047619047614
679,Arkansas,2020-04-27,3069,51,-34.0,-14.0,12.0,11.0,-17.0,0.0,3.0,0.0,-31.428571428571427,-20.714285714285715,11.0,28.714285714285715,-22.428571428571427,1.4285714285714286,1.7142857142857142,6.333333333333333
680,Arkansas,2020-04-28,3127,57,-35.0,-15.0,6.0,36.0,-15.0,6.0,0.0,3.0,-31.428571428571427,-19.285714285714285,10.714285714285714,39.285714285714285,-21.714285714285715,2.142857142857143,1.4285714285714286,10.238095238095239
681,Arkansas,2020-04-29,3193,57,-34.0,-9.0,11.0,51.0,-15.0,0.0,6.0,2.0,-31.142857142857142,-21.428571428571427,11.285714285714286,29.714285714285715,-22.428571428571427,2.142857142857143,2.142857142857143,6.5238095238095255
682,Arkansas,2020-04-30,3281,61,-34.0,-8.0,10.0,80.0,-14.0,4.0,0.0,1.0,-31.0,-21.857142857142858,11.428571428571429,26.857142857142858,-22.571428571428573,2.2857142857142856,2.142857142857143,5.476190476190477
683,Arkansas,2020-05-01,3337,64,-33.0,-8.0,10.0,95.0,-13.0,3.0,4.0,3.0,-30.714285714285715,-21.428571428571427,11.285714285714286,28.428571428571427,-22.142857142857142,2.4285714285714284,2.2857142857142856,6.095238095238095
684,Arkansas,2020-05-02,3372,72,-17.0,-15.0,4.0,81.0,-10.0,8.0,3.0,0.0,-30.285714285714285,-21.142857142857142,11.285714285714286,27.142857142857142,-22.142857142857142,3.4285714285714284,2.4285714285714284,5.761904761904762
685,Arkansas,2020-05-03,3437,76,-22.0,-15.0,5.0,38.0,-20.0,4.0,8.0,6.0,-29.857142857142858,-19.285714285714285,10.714285714285714,42.0,-20.428571428571427,3.5714285714285716,3.4285714285714284,11.142857142857144
686,Arkansas,2020-05-04,3491,80,-32.0,-8.0,11.0,18.0,-15.0,4.0,4.0,0.0,-29.571428571428573,-19.0,10.714285714285714,38.57142857142857,-20.0,4.142857142857143,3.5714285714285716,10.095238095238095
687,Arkansas,2020-05-05,3525,83,-32.0,-5.0,10.0,60.0,-12.0,3.0,4.0,4.0,-29.142857142857142,-19.0,10.0,31.571428571428573,-19.857142857142858,3.7142857142857144,4.142857142857143,7.523809523809525
688,Arkansas,2020-05-06,3611,87,-31.0,-4.0,9.0,92.0,-12.0,4.0,3.0,3.0,-28.714285714285715,-16.714285714285715,9.428571428571429,40.42857142857143,-18.714285714285715,4.285714285714286,3.7142857142857144,11.04761904761905
689,Arkansas,2020-05-07,3703,87,-32.0,-9.0,10.0,63.0,-14.0,0.0,4.0,8.0,-28.428571428571427,-15.285714285714286,9.142857142857142,45.285714285714285,-17.857142857142858,3.7142857142857144,4.285714285714286,13.047619047619046
690,Arkansas,2020-05-08,3747,88,-32.0,-10.0,11.0,56.0,-14.0,1.0,0.0,4.0,-28.285714285714285,-13.571428571428571,8.714285714285714,54.0,-16.571428571428573,3.4285714285714284,3.7142857142857144,16.38095238095238
691,Arkansas,2020-05-09,3747,88,-15.0,-9.0,3.0,59.0,-8.0,0.0,1.0,4.0,-28.0,-12.428571428571429,8.285714285714286,61.714285714285715,-15.142857142857142,2.2857142857142856,3.4285714285714284,19.19047619047619
692,Arkansas,2020-05-10,4012,91,-19.0,-8.0,2.0,72.0,-13.0,3.0,0.0,3.0,-27.571428571428573,-12.0,8.285714285714286,56.0,-14.857142857142858,2.142857142857143,2.2857142857142856,17.428571428571427
693,Arkansas,2020-05-11,4043,94,-30.0,-9.0,10.0,14.0,-10.0,3.0,3.0,4.0,-27.285714285714285,-11.142857142857142,8.142857142857142,57.0,-14.571428571428571,2.0,2.142857142857143,18.0
694,Arkansas,2020-05-12,4164,95,-32.0,-13.0,12.0,-9.0,-15.0,1.0,3.0,0.0,-27.285714285714285,-9.714285714285714,8.714285714285714,60.42857142857143,-14.142857142857142,1.7142857142857142,2.0,19.80952380952381
695,Arkansas,2020-05-13,4236,97,-29.0,-3.0,9.0,82.0,-10.0,2.0,1.0,1.0,-27.0,-9.0,8.428571428571429,66.28571428571429,-13.714285714285714,1.4285714285714286,1.7142857142857142,21.90476190476191
696,Arkansas,2020-05-14,4366,98,-30.0,-7.0,9.0,78.0,-12.0,1.0,2.0,0.0,-26.714285714285715,-9.142857142857142,8.428571428571429,63.857142857142854,-13.714285714285714,1.5714285714285714,1.4285714285714286,21.047619047619047
697,Arkansas,2020-05-15,4463,98,-31.0,-13.0,11.0,40.0,-13.0,0.0,1.0,3.0,-26.571428571428573,-9.428571428571429,8.571428571428571,58.285714285714285,-13.857142857142858,1.4285714285714286,1.5714285714285714,19.142857142857142
698,Arkansas,2020-05-16,4578,98,-14.0,-16.0,6.0,8.0,-13.0,0.0,0.0,3.0,-26.428571428571427,-8.571428571428571,8.428571428571429,55.142857142857146,-13.571428571428571,1.4285714285714286,1.4285714285714286,18.333333333333332
699,Arkansas,2020-05-17,4759,98,-17.0,-11.0,5.0,45.0,-13.0,0.0,0.0,1.0,-26.142857142857142,-7.571428571428571,8.0,60.0,-12.571428571428571,1.0,1.4285714285714286,20.142857142857142
700,Arkansas,2020-05-18,4813,100,-29.0,-2.0,8.0,54.0,-9.0,2.0,0.0,2.0,-26.0,-7.714285714285714,7.857142857142857,59.42857142857143,-11.857142857142858,0.8571428571428571,1.0,19.857142857142858
701,Arkansas,2020-05-19,4923,102,-29.0,-2.0,8.0,88.0,-8.0,2.0,2.0,1.0,-25.571428571428573,-8.857142857142858,8.142857142857142,49.57142857142857,-12.285714285714286,1.0,0.8571428571428571,16.285714285714285
702,Arkansas,2020-05-20,5003,107,-28.0,1.0,7.0,118.0,-5.0,5.0,2.0,0.0,-25.428571428571427,-8.714285714285714,8.142857142857142,48.142857142857146,-12.0,1.4285714285714286,1.0,15.85714285714286
703,Arkansas,2020-05-21,5458,110,-30.0,-2.0,8.0,98.0,-5.0,3.0,5.0,0.0,-25.428571428571427,-8.428571428571429,8.0,50.285714285714285,-11.714285714285714,1.7142857142857142,1.4285714285714286,16.619047619047617
704,Arkansas,2020-05-22,5612,113,-32.0,-7.0,9.0,99.0,-3.0,3.0,3.0,0.0,-25.571428571428573,-8.857142857142858,8.0,48.0,-11.571428571428571,2.142857142857143,1.7142857142857142,15.714285714285714
705,Arkansas,2020-05-23,5775,115,-14.0,-11.0,3.0,106.0,-4.0,2.0,3.0,2.0,-25.571428571428573,-9.857142857142858,8.428571428571429,40.714285714285715,-12.285714285714286,2.4285714285714284,2.142857142857143,13.095238095238095
706,Arkansas,2020-05-24,5922,116,-19.0,-6.0,2.0,127.0,-10.0,1.0,2.0,2.0,-25.857142857142858,-10.285714285714286,8.857142857142858,36.857142857142854,-12.285714285714286,2.5714285714285716,2.4285714285714284,11.809523809523808
707,Arkansas,2020-05-25,6029,117,-67.0,-16.0,18.0,80.0,-21.0,1.0,1.0,5.0,-31.285714285714285,-9.285714285714286,8.571428571428571,42.57142857142857,-12.142857142857142,2.4285714285714284,2.5714285714285716,13.95238095238095
708,Arkansas,2020-05-26,6180,119,-29.0,-6.0,9.0,55.0,-14.0,2.0,1.0,3.0,-31.285714285714285,-7.714285714285714,8.0,56.42857142857143,-11.142857142857142,2.4285714285714284,2.4285714285714284,18.904761904761905
709,Arkansas,2020-05-27,6277,120,-28.0,-3.0,8.0,74.0,-8.0,1.0,2.0,3.0,-31.285714285714285,-7.142857142857143,7.714285714285714,61.57142857142857,-10.428571428571429,1.8571428571428572,2.4285714285714284,20.71428571428571
710,Arkansas,2020-05-28,6538,125,-28.0,-4.0,9.0,71.0,-8.0,5.0,1.0,2.0,-31.0,-6.428571428571429,7.571428571428571,64.42857142857143,-9.428571428571429,2.142857142857143,1.8571428571428572,21.857142857142858
711,Arkansas,2020-05-29,6777,132,-27.0,-5.0,8.0,127.0,-2.0,7.0,5.0,1.0,-30.285714285714285,-5.571428571428571,7.285714285714286,72.85714285714286,-8.0,2.7142857142857144,2.142857142857143,24.857142857142858
712,Arkansas,2020-05-30,7013,133,-5.0,-10.0,2.0,109.0,3.0,1.0,7.0,1.0,-29.0,-4.857142857142857,6.857142857142857,86.85714285714286,-6.714285714285714,2.5714285714285716,2.7142857142857144,29.61904761904762
713,Arkansas,2020-05-31,7253,133,-10.0,-4.0,2.0,114.0,1.0,0.0,1.0,2.0,-27.714285714285715,-4.142857142857143,6.428571428571429,98.57142857142857,-6.285714285714286,2.4285714285714284,2.5714285714285716,33.61904761904762
714,Arkansas,2020-06-01,7443,133,-28.0,2.0,7.0,71.0,-2.0,0.0,0.0,1.0,-22.142857142857142,-6.142857142857143,7.857142857142857,102.28571428571429,-8.0,2.2857142857142856,2.4285714285714284,34.666666666666664
715,Arkansas,2020-06-02,7818,136,-28.0,1.0,7.0,113.0,-2.0,3.0,0.0,5.0,-22.0,-6.714285714285714,8.0,97.57142857142857,-8.857142857142858,2.4285714285714284,2.2857142857142856,32.952380952380956
716,Arkansas,2020-06-03,8067,142,-27.0,4.0,7.0,101.0,-2.0,6.0,3.0,7.0,-21.857142857142858,-7.285714285714286,8.142857142857142,91.28571428571429,-9.285714285714286,3.142857142857143,2.4285714285714284,30.71428571428572
717,Arkansas,2020-06-04,8425,151,-28.0,-1.0,7.0,99.0,-3.0,9.0,6.0,1.0,-21.857142857142858,-7.571428571428571,8.285714285714286,87.42857142857143,-9.714285714285714,3.7142857142857144,3.142857142857143,29.38095238095238
718,Arkansas,2020-06-05,8651,152,-29.0,-4.0,7.0,127.0,-3.0,1.0,9.0,0.0,-22.142857142857142,-7.285714285714286,8.142857142857142,91.42857142857143,-9.571428571428571,2.857142857142857,3.7142857142857144,30.761904761904763
719,Arkansas,2020-06-06,9101,154,-8.0,-9.0,2.0,106.0,4.0,2.0,1.0,0.0,-22.571428571428573,-7.142857142857143,8.0,91.85714285714286,-8.571428571428571,3.0,2.857142857142857,30.90476190476191
720,Arkansas,2020-06-07,9426,154,-12.0,-4.0,2.0,109.0,2.0,0.0,2.0,3.0,-22.857142857142858,-6.857142857142857,8.0,90.0,-7.0,3.0,3.0,30.38095238095238
721,Arkansas,2020-06-08,9740,155,-29.0,-10.0,10.0,14.0,-9.0,1.0,0.0,6.0,-23.0,-4.285714285714286,6.428571428571429,88.71428571428571,-4.285714285714286,3.142857142857143,3.0,30.28571428571428
722,Arkansas,2020-06-09,10080,161,-28.0,0.0,8.0,86.0,-3.0,6.0,1.0,9.0,-23.0,-3.2857142857142856,6.142857142857143,97.0,-2.5714285714285716,3.5714285714285716,3.142857142857143,33.285714285714285
723,Arkansas,2020-06-10,10368,165,-27.0,3.0,6.0,129.0,1.0,4.0,6.0,1.0,-23.0,-2.2857142857142856,6.0,100.85714285714286,-1.7142857142857142,3.2857142857142856,3.5714285714285716,34.857142857142854
724,Arkansas,2020-06-11,10816,171,-27.0,1.0,6.0,139.0,0.0,6.0,4.0,2.0,-22.857142857142858,-1.8571428571428572,5.714285714285714,104.85714285714286,-1.0,2.857142857142857,3.2857142857142856,36.23809523809524
725,Arkansas,2020-06-12,11547,176,-28.0,-3.0,6.0,154.0,2.0,5.0,6.0,0.0,-22.714285714285715,-1.7142857142857142,5.571428571428571,104.85714285714286,-1.1428571428571428,3.4285714285714284,2.857142857142857,36.23809523809524
726,Arkansas,2020-06-13,12095,177,-6.0,-8.0,1.0,131.0,6.0,1.0,5.0,1.0,-22.428571428571427,-1.5714285714285714,5.571428571428571,104.42857142857143,-1.0,3.2857142857142856,3.4285714285714284,36.142857142857146
727,Arkansas,2020-06-14,12501,179,-11.0,-3.0,1.0,127.0,5.0,2.0,1.0,6.0,-22.285714285714285,-1.5714285714285714,5.571428571428571,103.71428571428571,-0.8571428571428571,3.5714285714285716,3.2857142857142856,35.904761904761905
