,CountryOrState,Date,confirmed,deaths,work,retail,residential,parks,transit,dDeaths,dDeaths_1,dDeaths_5,aWork,aRetail,aResidential,aParks,aTransit,adDeaths,adDeaths_1,mob_idx
6923,South Dakota,2020-03-24,30,1,-27.0,-28.0,13.0,49.0,-12.0,0.0,0.0,0.0,-21.428571428571427,-4.714285714285714,4.285714285714286,10.0,-0.2857142857142857,0.0,0.0,3.1904761904761902
6924,South Dakota,2020-03-25,41,1,-30.0,-35.0,16.0,-11.0,-23.0,0.0,0.0,0.0,-22.714285714285715,-7.714285714285714,5.714285714285714,6.0,-1.7142857142857142,0.0,0.0,1.3333333333333333
6925,South Dakota,2020-03-26,46,1,-31.0,-37.0,16.0,12.0,-20.0,0.0,0.0,0.0,-23.571428571428573,-12.285714285714286,7.571428571428571,0.8571428571428571,-5.857142857142857,0.0,0.0,-1.285714285714286
6926,South Dakota,2020-03-27,58,1,-29.0,-36.0,18.0,17.0,-24.0,0.0,0.0,0.0,-24.428571428571427,-16.142857142857142,9.285714285714286,-2.0,-8.714285714285714,0.0,0.0,-2.952380952380952
6927,South Dakota,2020-03-28,68,1,-22.0,-49.0,15.0,-17.0,-31.0,0.0,0.0,0.0,-25.714285714285715,-17.857142857142858,9.571428571428571,3.857142857142857,-9.142857142857142,0.0,0.0,-1.4761904761904763
6928,South Dakota,2020-03-29,90,1,-25.0,-35.0,8.0,126.0,-31.0,0.0,0.0,0.0,-26.714285714285715,-21.142857142857142,10.0,8.714285714285714,-11.857142857142858,0.0,0.0,-0.8095238095238096
6929,South Dakota,2020-03-30,101,1,-30.0,-31.0,13.0,90.0,-22.0,0.0,0.0,0.0,-27.714285714285715,-23.428571428571427,10.571428571428571,15.142857142857142,-13.571428571428571,0.0,0.0,0.7619047619047622
6930,South Dakota,2020-03-31,108,1,-33.0,-32.0,15.0,58.0,-17.0,0.0,0.0,0.0,-28.571428571428573,-26.285714285714285,11.285714285714286,17.571428571428573,-15.428571428571429,0.0,0.0,0.8571428571428582
6931,South Dakota,2020-04-01,129,2,-34.0,-32.0,15.0,51.0,-20.0,1.0,0.0,0.0,-29.142857142857142,-29.285714285714285,12.285714285714286,12.857142857142858,-18.714285714285715,0.14285714285714285,0.0,-1.3809523809523807
6932,South Dakota,2020-04-02,165,2,-39.0,-50.0,21.0,-27.0,-34.0,0.0,1.0,0.0,-30.285714285714285,-30.428571428571427,12.571428571428571,17.714285714285715,-18.571428571428573,0.14285714285714285,0.14285714285714285,-0.04761904761904626
6933,South Dakota,2020-04-03,187,2,-35.0,-41.0,22.0,-15.0,-32.0,0.0,0.0,0.0,-31.142857142857142,-31.857142857142858,13.0,21.285714285714285,-19.714285714285715,0.14285714285714285,0.14285714285714285,0.809523809523809
6934,South Dakota,2020-04-04,212,2,-27.0,-45.0,14.0,-4.0,-31.0,0.0,0.0,0.0,-31.857142857142858,-34.142857142857146,13.714285714285714,18.857142857142858,-21.428571428571427,0.14285714285714285,0.14285714285714285,-0.5238095238095243
6935,South Dakota,2020-04-05,240,2,-29.0,-38.0,9.0,81.0,-36.0,0.0,0.0,0.0,-32.42857142857143,-34.714285714285715,13.857142857142858,31.857142857142858,-22.571428571428573,0.14285714285714285,0.14285714285714285,3.6666666666666665
6936,South Dakota,2020-04-06,288,4,-33.0,-32.0,14.0,91.0,-23.0,2.0,0.0,1.0,-32.857142857142854,-35.857142857142854,14.142857142857142,38.0,-23.285714285714285,0.42857142857142855,0.14285714285714285,5.42857142857143
6937,South Dakota,2020-04-07,320,6,-36.0,-31.0,14.0,123.0,-17.0,2.0,2.0,0.0,-33.285714285714285,-36.42857142857143,14.428571428571429,39.285714285714285,-24.0,0.7142857142857143,0.42857142857142855,5.761904761904762
6938,South Dakota,2020-04-08,393,6,-37.0,-37.0,17.0,25.0,-23.0,0.0,2.0,0.0,-33.714285714285715,-36.0,14.285714285714286,48.142857142857146,-23.571428571428573,0.5714285714285714,0.7142857142857143,8.80952380952381
6939,South Dakota,2020-04-09,447,6,-38.0,-38.0,18.0,18.0,-24.0,0.0,0.0,0.0,-33.57142857142857,-37.857142857142854,15.0,42.57142857142857,-25.571428571428573,0.5714285714285714,0.5714285714285714,6.571428571428572
6940,South Dakota,2020-04-10,536,6,-42.0,-33.0,19.0,67.0,-26.0,0.0,0.0,0.0,-34.57142857142857,-38.57142857142857,15.571428571428571,38.0,-26.714285714285715,0.5714285714285714,0.5714285714285714,5.0
6941,South Dakota,2020-04-11,626,6,-31.0,-47.0,15.0,-16.0,-42.0,0.0,0.0,2.0,-35.142857142857146,-38.0,15.428571428571429,39.857142857142854,-26.714285714285715,0.5714285714285714,0.5714285714285714,5.761904761904762
6942,South Dakota,2020-04-12,730,6,-44.0,-73.0,13.0,-40.0,-56.0,0.0,0.0,2.0,-37.285714285714285,-38.42857142857143,15.571428571428571,33.42857142857143,-27.428571428571427,0.5714285714285714,0.5714285714285714,3.5238095238095233
6943,South Dakota,2020-04-13,868,6,-39.0,-41.0,18.0,-18.0,-30.0,0.0,0.0,0.0,-38.142857142857146,-38.57142857142857,15.714285714285714,33.57142857142857,-27.571428571428573,0.2857142857142857,0.5714285714285714,3.5714285714285716
6944,South Dakota,2020-04-14,988,6,-37.0,-40.0,18.0,-1.0,-23.0,0.0,0.0,0.0,-38.285714285714285,-38.42857142857143,15.571428571428571,42.857142857142854,-27.571428571428573,0.0,0.2857142857142857,6.666666666666664
6945,South Dakota,2020-04-15,1168,6,-37.0,-32.0,17.0,5.0,-22.0,0.0,0.0,0.0,-38.285714285714285,-39.142857142857146,15.857142857142858,39.142857142857146,-28.0,0.0,0.0,5.285714285714286
6946,South Dakota,2020-04-16,1311,7,-37.0,-33.0,18.0,20.0,-21.0,1.0,0.0,0.0,-38.142857142857146,-37.42857142857143,15.428571428571429,45.57142857142857,-26.571428571428573,0.14285714285714285,0.0,7.857142857142857
6947,South Dakota,2020-04-17,1411,7,-35.0,-32.0,19.0,52.0,-22.0,0.0,1.0,0.0,-37.142857142857146,-36.285714285714285,15.0,57.285714285714285,-25.714285714285715,0.14285714285714285,0.14285714285714285,12.0
6948,South Dakota,2020-04-18,1542,7,-26.0,-37.0,11.0,65.0,-25.0,0.0,0.0,0.0,-36.42857142857143,-36.57142857142857,15.142857142857142,55.57142857142857,-27.285714285714285,0.14285714285714285,0.14285714285714285,11.38095238095238
6949,South Dakota,2020-04-19,1635,7,-28.0,-34.0,9.0,65.0,-34.0,0.0,0.0,0.0,-34.142857142857146,-41.57142857142857,15.714285714285714,38.285714285714285,-30.142857142857142,0.14285714285714285,0.14285714285714285,4.142857142857143
6950,South Dakota,2020-04-20,1685,7,-35.0,-28.0,15.0,54.0,-20.0,0.0,0.0,0.0,-33.57142857142857,-42.857142857142854,16.285714285714285,22.714285714285715,-31.142857142857142,0.14285714285714285,0.14285714285714285,-1.2857142857142847
6951,South Dakota,2020-04-21,1755,8,-38.0,-27.0,14.0,128.0,-11.0,1.0,0.0,1.0,-33.714285714285715,-44.142857142857146,16.857142857142858,5.0,-32.0,0.2857142857142857,0.14285714285714285,-7.42857142857143
6952,South Dakota,2020-04-22,1858,9,-38.0,-25.0,14.0,123.0,-12.0,1.0,1.0,0.0,-33.857142857142854,-43.42857142857143,16.857142857142858,2.142857142857143,-31.857142857142858,0.42857142857142855,0.2857142857142857,-8.142857142857144
6953,South Dakota,2020-04-23,1956,9,-38.0,-29.0,16.0,73.0,-20.0,0.0,1.0,0.0,-34.0,-42.714285714285715,16.857142857142858,2.4285714285714284,-31.428571428571427,0.2857142857142857,0.42857142857142855,-7.80952380952381
6954,South Dakota,2020-04-24,2040,10,-35.0,-29.0,17.0,72.0,-18.0,1.0,0.0,0.0,-34.0,-42.57142857142857,16.857142857142858,0.2857142857142857,-30.857142857142858,0.42857142857142855,0.2857142857142857,-8.476190476190476
6955,South Dakota,2020-04-25,2147,10,-25.0,-35.0,11.0,57.0,-24.0,0.0,1.0,0.0,-33.857142857142854,-41.142857142857146,16.285714285714285,11.857142857142858,-28.428571428571427,0.42857142857142855,0.42857142857142855,-4.333333333333335
6956,South Dakota,2020-04-26,2212,11,-25.0,-20.0,5.0,206.0,-22.0,1.0,0.0,1.0,-33.42857142857143,-35.57142857142857,15.714285714285714,26.857142857142858,-25.285714285714285,0.5714285714285714,0.42857142857142855,2.3333333333333344
6957,South Dakota,2020-04-27,2244,11,-34.0,-19.0,12.0,127.0,-16.0,0.0,1.0,1.0,-33.285714285714285,-33.714285714285715,15.285714285714286,37.142857142857146,-23.857142857142858,0.5714285714285714,0.5714285714285714,6.238095238095238
6958,South Dakota,2020-04-28,2313,11,-36.0,-24.0,9.0,37.0,-11.0,0.0,0.0,0.0,-33.0,-31.857142857142858,14.714285714285714,55.57142857142857,-22.142857142857142,0.42857142857142855,0.5714285714285714,12.809523809523808
6959,South Dakota,2020-04-29,2373,13,-36.0,-20.0,14.0,96.0,-8.0,2.0,0.0,1.0,-32.714285714285715,-30.857142857142858,14.285714285714286,72.42857142857143,-20.714285714285715,0.5714285714285714,0.42857142857142855,18.61904761904762
6960,South Dakota,2020-04-30,2449,17,-36.0,-17.0,13.0,151.0,-4.0,4.0,2.0,0.0,-32.42857142857143,-30.285714285714285,14.0,80.0,-20.571428571428573,1.1428571428571428,0.5714285714285714,21.238095238095237
6961,South Dakota,2020-05-01,2525,21,-34.0,-17.0,13.0,153.0,-5.0,4.0,4.0,1.0,-32.285714285714285,-29.857142857142858,13.714285714285714,82.85714285714286,-20.0,1.5714285714285714,1.1428571428571428,22.23809523809524
6962,South Dakota,2020-05-02,2588,21,-21.0,-24.0,7.0,115.0,-7.0,0.0,4.0,0.0,-31.714285714285715,-29.571428571428573,13.714285714285714,81.71428571428571,-19.857142857142858,1.5714285714285714,1.5714285714285714,21.95238095238095
6963,South Dakota,2020-05-03,2631,21,-20.0,-11.0,3.0,194.0,-13.0,0.0,0.0,0.0,-31.0,-27.571428571428573,13.142857142857142,101.85714285714286,-18.142857142857142,1.4285714285714286,1.5714285714285714,29.142857142857142
6964,South Dakota,2020-05-04,2668,21,-32.0,-17.0,14.0,32.0,-12.0,0.0,0.0,2.0,-30.714285714285715,-26.285714285714285,12.714285714285714,112.28571428571429,-17.571428571428573,1.4285714285714286,1.4285714285714286,32.904761904761905
6965,South Dakota,2020-05-05,2721,24,-33.0,-14.0,14.0,56.0,-6.0,3.0,0.0,4.0,-30.285714285714285,-25.857142857142858,12.0,99.28571428571429,-17.571428571428573,1.8571428571428572,1.4285714285714286,28.476190476190478
6966,South Dakota,2020-05-06,2780,29,-33.0,-15.0,13.0,107.0,-6.0,5.0,3.0,4.0,-29.857142857142858,-25.142857142857142,12.0,95.42857142857143,-17.0,2.2857142857142856,1.8571428571428572,27.42857142857143
6967,South Dakota,2020-05-07,2906,31,-33.0,-18.0,15.0,59.0,-8.0,2.0,5.0,0.0,-29.428571428571427,-23.428571428571427,11.571428571428571,106.57142857142857,-14.714285714285714,2.0,2.2857142857142856,31.57142857142857
6968,South Dakota,2020-05-08,3145,31,-31.0,-14.0,13.0,127.0,-7.0,0.0,2.0,0.0,-29.0,-21.714285714285715,11.0,118.14285714285714,-12.857142857142858,1.4285714285714286,2.0,35.8095238095238
6969,South Dakota,2020-05-09,3393,34,-19.0,-21.0,9.0,29.0,-15.0,3.0,0.0,0.0,-28.714285714285715,-20.142857142857142,10.428571428571429,126.42857142857143,-10.428571428571429,1.8571428571428572,1.4285714285714286,38.904761904761905
6970,South Dakota,2020-05-10,3517,34,-16.0,-6.0,4.0,73.0,-8.0,0.0,3.0,3.0,-28.142857142857142,-18.857142857142858,10.142857142857142,124.71428571428571,-9.142857142857142,1.8571428571428572,1.8571428571428572,38.666666666666664
6971,South Dakota,2020-05-11,3614,34,-29.0,-15.0,12.0,74.0,-5.0,0.0,0.0,5.0,-27.714285714285715,-18.571428571428573,10.428571428571429,111.14285714285714,-8.571428571428571,1.8571428571428572,1.8571428571428572,34.333333333333336
6972,South Dakota,2020-05-12,3663,39,-31.0,-16.0,13.0,61.0,-7.0,5.0,0.0,2.0,-27.428571428571427,-17.142857142857142,11.142857142857142,113.85714285714286,-7.857142857142857,2.142857142857143,1.8571428571428572,35.952380952380956
6973,South Dakota,2020-05-13,3732,39,-31.0,-15.0,13.0,74.0,-5.0,0.0,5.0,0.0,-27.142857142857142,-16.428571428571427,11.0,115.42857142857143,-7.571428571428571,1.4285714285714286,2.142857142857143,36.666666666666664
6974,South Dakota,2020-05-14,3792,43,-31.0,-12.0,11.0,145.0,-1.0,4.0,0.0,3.0,-26.857142857142858,-16.571428571428573,11.285714285714286,102.28571428571429,-8.142857142857142,1.7142857142857142,1.4285714285714286,32.333333333333336
6975,South Dakota,2020-05-15,3887,44,-30.0,-12.0,12.0,159.0,-1.0,1.0,4.0,0.0,-26.714285714285715,-16.142857142857142,11.285714285714286,98.57142857142857,-8.428571428571429,1.8571428571428572,1.7142857142857142,31.238095238095237
6976,South Dakota,2020-05-16,3959,44,-16.0,-19.0,9.0,49.0,-7.0,0.0,1.0,0.0,-26.285714285714285,-15.714285714285714,11.571428571428571,86.28571428571429,-9.571428571428571,1.4285714285714286,1.8571428571428572,27.380952380952383
6977,South Dakota,2020-05-17,3987,44,-13.0,-5.0,3.0,204.0,0.0,0.0,0.0,5.0,-25.857142857142858,-15.0,11.714285714285714,69.0,-8.857142857142858,1.4285714285714286,1.4285714285714286,21.9047619047619
6978,South Dakota,2020-05-18,4027,44,-27.0,-4.0,9.0,174.0,3.0,0.0,0.0,0.0,-25.571428571428573,-14.714285714285714,11.428571428571429,75.0,-7.857142857142857,1.4285714285714286,1.4285714285714286,23.90476190476191
6979,South Dakota,2020-05-19,4085,46,-30.0,-4.0,10.0,167.0,3.0,2.0,0.0,4.0,-25.428571428571427,-15.0,11.285714285714286,75.71428571428571,-8.0,1.0,1.4285714285714286,24.0
6980,South Dakota,2020-05-20,4177,46,-30.0,-5.0,10.0,145.0,6.0,0.0,2.0,1.0,-25.285714285714285,-15.0,11.285714285714286,71.0,-7.857142857142857,1.0,1.0,22.42857142857143
6981,South Dakota,2020-05-21,4177,48,-31.0,-4.0,10.0,185.0,11.0,2.0,0.0,0.0,-25.285714285714285,-14.142857142857142,10.714285714285714,83.28571428571429,-6.857142857142857,0.7142857142857143,1.0,26.61904761904762
6982,South Dakota,2020-05-22,4356,50,-31.0,-4.0,10.0,256.0,14.0,2.0,2.0,0.0,-25.428571428571427,-13.857142857142858,10.571428571428571,87.85714285714286,-6.0,0.8571428571428571,0.7142857142857143,28.19047619047619
6983,South Dakota,2020-05-23,4464,50,-16.0,-13.0,3.0,239.0,11.0,0.0,2.0,0.0,-25.428571428571427,-13.571428571428571,10.571428571428571,90.71428571428571,-4.857142857142857,0.8571428571428571,0.8571428571428571,29.238095238095237
6984,South Dakota,2020-05-24,4563,50,-16.0,6.0,1.0,360.0,11.0,0.0,0.0,2.0,-25.857142857142858,-13.428571428571429,10.428571428571429,109.42857142857143,-3.7142857142857144,0.8571428571428571,0.8571428571428571,35.476190476190474
6985,South Dakota,2020-05-25,4586,50,-73.0,-6.0,19.0,237.0,7.0,0.0,0.0,0.0,-32.42857142857143,-11.857142857142858,10.0,123.71428571428571,-2.5714285714285716,0.8571428571428571,0.8571428571428571,40.61904761904761
6986,South Dakota,2020-05-26,4653,50,-29.0,-3.0,9.0,178.0,7.0,0.0,0.0,2.0,-32.285714285714285,-10.142857142857142,9.571428571428571,138.85714285714286,-1.1428571428571428,0.5714285714285714,0.8571428571428571,46.095238095238095
6987,South Dakota,2020-05-27,4710,54,-28.0,-2.0,9.0,210.0,8.0,4.0,0.0,2.0,-32.0,-8.714285714285714,9.142857142857142,149.0,0.42857142857142855,1.1428571428571428,0.5714285714285714,49.8095238095238
6988,South Dakota,2020-05-28,4793,54,-28.0,-2.0,9.0,205.0,13.0,0.0,4.0,0.0,-31.571428571428573,-7.571428571428571,9.0,154.71428571428572,2.142857142857143,0.8571428571428571,1.1428571428571428,52.047619047619044
6989,South Dakota,2020-05-29,4866,59,-26.0,-4.0,8.0,252.0,10.0,5.0,0.0,0.0,-30.857142857142858,-6.428571428571429,8.714285714285714,168.57142857142858,4.285714285714286,1.2857142857142858,0.8571428571428571,56.952380952380956
6990,South Dakota,2020-05-30,4960,62,-5.0,-11.0,3.0,198.0,10.0,3.0,5.0,0.0,-29.285714285714285,-5.571428571428571,7.857142857142857,195.71428571428572,6.857142857142857,1.7142857142857142,1.2857142857142858,66.0
6991,South Dakota,2020-05-31,4993,62,-5.0,6.0,0.0,284.0,17.0,0.0,3.0,0.0,-27.714285714285715,-4.0,7.571428571428571,218.0,8.428571428571429,1.7142857142857142,1.7142857142857142,73.85714285714286
6992,South Dakota,2020-06-01,5034,62,-24.0,5.0,7.0,223.0,16.0,0.0,0.0,4.0,-20.714285714285715,-4.285714285714286,9.0,227.0,9.0,1.7142857142857142,1.7142857142857142,77.23809523809524
6993,South Dakota,2020-06-02,5067,62,-26.0,5.0,7.0,214.0,14.0,0.0,0.0,0.0,-20.285714285714285,-4.142857142857143,8.857142857142858,228.57142857142858,9.571428571428571,1.7142857142857142,1.7142857142857142,77.76190476190477
6994,South Dakota,2020-06-03,5162,62,-26.0,3.0,7.0,225.0,14.0,0.0,0.0,5.0,-20.0,-3.7142857142857144,8.714285714285714,237.85714285714286,9.857142857142858,1.1428571428571428,1.7142857142857142,80.95238095238095
6995,South Dakota,2020-06-04,5247,64,-27.0,2.0,8.0,237.0,17.0,2.0,0.0,3.0,-19.857142857142858,-3.4285714285714284,8.571428571428571,240.71428571428572,10.142857142857142,1.4285714285714286,1.1428571428571428,81.95238095238095
6996,South Dakota,2020-06-05,5277,64,-25.0,0.0,7.0,284.0,15.0,0.0,2.0,0.0,-19.714285714285715,-3.4285714285714284,8.285714285714286,240.14285714285714,9.571428571428571,0.7142857142857143,1.4285714285714286,81.66666666666667
6997,South Dakota,2020-06-06,5367,65,-7.0,-10.0,4.0,184.0,16.0,1.0,0.0,0.0,-20.0,-3.142857142857143,8.285714285714286,234.28571428571428,9.428571428571429,0.42857142857142855,0.7142857142857143,79.80952380952381
6998,South Dakota,2020-06-07,5438,65,-6.0,9.0,0.0,295.0,26.0,0.0,1.0,0.0,-20.142857142857142,-3.142857142857143,8.142857142857142,223.42857142857142,10.285714285714286,0.42857142857142855,0.42857142857142855,76.14285714285714
6999,South Dakota,2020-06-08,5471,65,-23.0,6.0,7.0,221.0,16.0,0.0,0.0,0.0,-20.0,-1.5714285714285714,6.428571428571429,221.42857142857142,11.571428571428571,0.42857142857142855,0.42857142857142855,75.42857142857143
7000,South Dakota,2020-06-09,5523,68,-25.0,1.0,10.0,146.0,11.0,3.0,0.0,2.0,-19.857142857142858,-0.42857142857142855,6.142857142857143,226.57142857142858,12.571428571428571,0.8571428571428571,0.42857142857142855,77.42857142857143
7001,South Dakota,2020-06-10,5604,69,-24.0,8.0,7.0,239.0,19.0,1.0,3.0,0.0,-19.571428571428573,0.2857142857142857,5.857142857142857,228.71428571428572,13.428571428571429,1.0,0.8571428571428571,78.28571428571429
7002,South Dakota,2020-06-11,5665,73,-25.0,6.0,6.0,291.0,22.0,4.0,1.0,1.0,-19.285714285714285,0.8571428571428571,5.714285714285714,233.28571428571428,14.0,1.2857142857142858,1.0,79.95238095238095
7003,South Dakota,2020-06-12,5742,74,-25.0,2.0,6.0,329.0,21.0,1.0,4.0,0.0,-19.285714285714285,1.4285714285714286,5.571428571428571,237.85714285714286,14.714285714285714,1.4285714285714286,1.2857142857142858,81.61904761904762
7004,South Dakota,2020-06-13,5833,75,-4.0,-4.0,1.0,288.0,22.0,1.0,1.0,0.0,-18.857142857142858,1.5714285714285714,5.714285714285714,235.85714285714286,15.571428571428571,1.4285714285714286,1.4285714285714286,81.04761904761905
7005,South Dakota,2020-06-14,5898,75,-3.0,13.0,-1.0,339.0,36.0,0.0,1.0,3.0,-18.428571428571427,2.0,5.714285714285714,237.42857142857142,16.857142857142858,1.4285714285714286,1.4285714285714286,81.71428571428571
