,CountryOrState,Date,confirmed,deaths,work,retail,residential,parks,transit,dDeaths,dDeaths_1,dDeaths_5,aWork,aRetail,aResidential,aParks,aTransit,adDeaths,adDeaths_1,mob_idx
5024,New Jersey,2020-03-23,2844,27,-55.0,-56.0,26.0,-55.0,-67.0,7.0,4.0,2.0,-40.57142857142857,-2.2857142857142856,4.428571428571429,45.0,-17.714285714285715,3.5714285714285716,2.5714285714285716,15.714285714285715
5025,New Jersey,2020-03-24,3675,44,-55.0,-46.0,24.0,32.0,-60.0,17.0,7.0,4.0,-43.42857142857143,-6.857142857142857,6.571428571428571,41.42857142857143,-22.571428571428573,5.857142857142857,3.5714285714285716,13.714285714285715
5026,New Jersey,2020-03-25,4402,62,-57.0,-51.0,27.0,-32.0,-65.0,18.0,17.0,2.0,-46.0,-12.0,8.857142857142858,41.142857142857146,-27.571428571428573,8.142857142857142,5.857142857142857,12.666666666666666
5027,New Jersey,2020-03-26,6876,81,-57.0,-46.0,26.0,52.0,-62.0,19.0,18.0,5.0,-48.0,-17.714285714285715,11.428571428571429,38.42857142857143,-32.714285714285715,10.285714285714286,8.142857142857142,10.714285714285715
5028,New Jersey,2020-03-27,8825,108,-56.0,-48.0,27.0,42.0,-63.0,27.0,19.0,4.0,-49.714285714285715,-22.571428571428573,13.571428571428571,40.142857142857146,-36.857142857142854,13.857142857142858,10.285714285714286,10.380952380952381
5029,New Jersey,2020-03-28,11124,140,-44.0,-59.0,19.0,-47.0,-67.0,32.0,27.0,7.0,-51.714285714285715,-27.571428571428573,15.0,35.0,-41.42857142857143,17.714285714285715,13.857142857142858,7.476190476190475
5030,New Jersey,2020-03-29,13386,161,-44.0,-59.0,16.0,-36.0,-70.0,21.0,32.0,17.0,-52.57142857142857,-33.714285714285715,16.428571428571427,23.285714285714285,-46.714285714285715,20.142857142857142,17.714285714285715,1.999999999999999
5031,New Jersey,2020-03-30,16636,198,-58.0,-49.0,26.0,-11.0,-66.0,37.0,21.0,18.0,-53.0,-40.285714285714285,18.571428571428573,14.142857142857142,-51.285714285714285,24.428571428571427,20.142857142857142,-2.5238095238095233
5032,New Jersey,2020-03-31,18696,267,-60.0,-49.0,27.0,-21.0,-67.0,69.0,37.0,19.0,-53.714285714285715,-43.0,19.714285714285715,17.428571428571427,-54.0,31.857142857142858,24.428571428571427,-1.9523809523809526
5033,New Jersey,2020-04-01,22255,355,-60.0,-47.0,27.0,13.0,-65.0,88.0,69.0,27.0,-54.142857142857146,-46.0,21.142857142857142,6.285714285714286,-57.142857142857146,41.857142857142854,31.857142857142858,-6.190476190476191
5034,New Jersey,2020-04-02,25590,537,-61.0,-51.0,28.0,3.0,-67.0,182.0,88.0,32.0,-54.714285714285715,-47.57142857142857,21.857142857142858,13.714285714285714,-58.857142857142854,65.14285714285714,41.857142857142854,-3.9999999999999996
5035,New Jersey,2020-04-03,29895,646,-60.0,-62.0,30.0,-30.0,-67.0,109.0,182.0,21.0,-55.285714285714285,-49.42857142857143,22.714285714285715,12.428571428571429,-60.857142857142854,76.85714285714286,65.14285714285714,-4.761904761904762
5036,New Jersey,2020-04-04,34124,846,-45.0,-64.0,18.0,21.0,-62.0,200.0,109.0,37.0,-55.42857142857143,-51.857142857142854,23.428571428571427,-1.5714285714285714,-63.57142857142857,100.85714285714286,76.85714285714286,-10.0
5037,New Jersey,2020-04-05,37505,917,-45.0,-66.0,16.0,26.0,-67.0,71.0,200.0,69.0,-55.57142857142857,-52.142857142857146,23.571428571428573,-6.285714285714286,-64.85714285714286,108.0,100.85714285714286,-11.61904761904762
5038,New Jersey,2020-04-06,41090,1003,-61.0,-58.0,26.0,38.0,-65.0,86.0,71.0,88.0,-56.0,-51.142857142857146,23.571428571428573,0.0,-64.71428571428571,115.0,108.0,-9.190476190476192
5039,New Jersey,2020-04-07,44416,1232,-62.0,-57.0,27.0,22.0,-66.0,229.0,86.0,182.0,-56.285714285714285,-51.57142857142857,24.0,-7.571428571428571,-65.71428571428571,137.85714285714286,115.0,-11.714285714285714
5040,New Jersey,2020-04-08,47437,1504,-63.0,-58.0,28.0,-10.0,-67.0,272.0,229.0,109.0,-56.714285714285715,-51.0,24.0,-1.1428571428571428,-65.71428571428571,164.14285714285714,137.85714285714286,-9.380952380952381
5041,New Jersey,2020-04-09,51027,1709,-64.0,-61.0,30.0,-34.0,-70.0,205.0,272.0,200.0,-57.142857142857146,-51.714285714285715,24.285714285714285,-8.142857142857142,-66.42857142857143,167.42857142857142,164.14285714285714,-11.857142857142856
5042,New Jersey,2020-04-10,54588,1932,-68.0,-62.0,33.0,-43.0,-72.0,223.0,205.0,71.0,-58.285714285714285,-53.714285714285715,24.714285714285715,-18.428571428571427,-67.0,183.71428571428572,167.42857142857142,-15.80952380952381
5043,New Jersey,2020-04-11,58151,2183,-47.0,-61.0,18.0,-12.0,-65.0,251.0,223.0,86.0,-58.57142857142857,-54.42857142857143,24.571428571428573,-8.714285714285714,-66.28571428571429,191.0,183.71428571428572,-12.857142857142856
5044,New Jersey,2020-04-12,61850,2350,-52.0,-76.0,16.0,-19.0,-72.0,167.0,251.0,229.0,-59.57142857142857,-55.42857142857143,24.571428571428573,0.14285714285714285,-65.85714285714286,204.71428571428572,191.0,-10.238095238095239
5045,New Jersey,2020-04-13,64584,2443,-64.0,-70.0,30.0,-54.0,-76.0,93.0,167.0,272.0,-60.0,-56.714285714285715,24.571428571428573,7.142857142857143,-65.71428571428571,205.71428571428572,204.71428571428572,-8.333333333333332
5046,New Jersey,2020-04-14,68824,2805,-61.0,-58.0,27.0,-12.0,-67.0,362.0,93.0,205.0,-59.857142857142854,-57.857142857142854,24.571428571428573,13.285714285714286,-65.57142857142857,224.71428571428572,205.71428571428572,-6.666666666666664
5047,New Jersey,2020-04-15,71030,3156,-61.0,-56.0,27.0,-17.0,-67.0,351.0,362.0,223.0,-59.57142857142857,-59.42857142857143,24.714285714285715,10.0,-65.85714285714286,236.0,224.71428571428572,-8.238095238095239
5048,New Jersey,2020-04-16,75317,3518,-62.0,-58.0,28.0,-24.0,-68.0,362.0,351.0,251.0,-59.285714285714285,-60.857142857142854,25.0,4.714285714285714,-66.28571428571429,258.42857142857144,236.0,-10.38095238095238
5049,New Jersey,2020-04-17,78467,3840,-60.0,-59.0,30.0,-31.0,-68.0,322.0,362.0,167.0,-58.142857142857146,-60.857142857142854,25.428571428571427,2.857142857142857,-67.0,272.57142857142856,258.42857142857144,-10.85714285714286
5050,New Jersey,2020-04-18,81420,4070,-44.0,-64.0,19.0,-43.0,-68.0,230.0,322.0,93.0,-57.714285714285715,-60.42857142857143,25.428571428571427,-1.8571428571428572,-67.42857142857143,269.57142857142856,272.57142857142856,-12.285714285714285
5051,New Jersey,2020-04-19,85301,4362,-42.0,-62.0,15.0,1.0,-67.0,292.0,230.0,362.0,-56.285714285714285,-61.857142857142854,25.428571428571427,-8.285714285714286,-68.14285714285714,287.42857142857144,269.57142857142856,-14.904761904761905
5052,New Jersey,2020-04-20,88722,4496,-59.0,-58.0,26.0,-18.0,-67.0,134.0,292.0,351.0,-55.57142857142857,-63.57142857142857,26.0,-21.428571428571427,-69.71428571428571,293.2857142857143,287.42857142857144,-19.666666666666668
5053,New Jersey,2020-04-21,92387,4753,-60.0,-60.0,27.0,-33.0,-69.0,257.0,134.0,362.0,-55.42857142857143,-63.714285714285715,26.0,-26.285714285714285,-69.85714285714286,278.2857142857143,293.2857142857143,-21.333333333333332
5054,New Jersey,2020-04-22,95914,5150,-59.0,-56.0,26.0,-18.0,-66.0,397.0,257.0,322.0,-55.142857142857146,-63.42857142857143,25.857142857142858,-27.285714285714285,-69.85714285714286,284.85714285714283,278.2857142857143,-21.61904761904762
5055,New Jersey,2020-04-23,100025,5426,-59.0,-58.0,27.0,-23.0,-67.0,276.0,397.0,230.0,-54.714285714285715,-63.0,25.571428571428573,-25.857142857142858,-69.57142857142857,272.57142857142856,284.85714285714283,-21.0952380952381
5056,New Jersey,2020-04-24,102196,5683,-59.0,-62.0,31.0,-50.0,-71.0,257.0,276.0,292.0,-54.57142857142857,-62.57142857142857,25.142857142857142,-24.142857142857142,-69.0,263.2857142857143,272.57142857142856,-20.523809523809522
5057,New Jersey,2020-04-25,105498,5914,-39.0,-57.0,15.0,26.0,-58.0,231.0,257.0,134.0,-53.857142857142854,-63.0,25.285714285714285,-28.571428571428573,-69.42857142857143,263.42857142857144,263.2857142857143,-22.0952380952381
5058,New Jersey,2020-04-26,109038,5938,-44.0,-67.0,16.0,-59.0,-73.0,24.0,231.0,257.0,-54.142857142857146,-61.0,25.142857142857142,-25.714285714285715,-68.71428571428571,225.14285714285714,263.42857142857144,-20.523809523809526
5059,New Jersey,2020-04-27,111188,6044,-57.0,-57.0,26.0,-31.0,-67.0,106.0,24.0,397.0,-53.857142857142854,-59.285714285714285,24.571428571428573,-20.571428571428573,-67.42857142857143,221.14285714285714,225.14285714285714,-18.428571428571427
5060,New Jersey,2020-04-28,113856,6442,-58.0,-51.0,19.0,25.0,-61.0,398.0,106.0,276.0,-53.57142857142857,-59.57142857142857,24.571428571428573,-23.571428571428573,-67.71428571428571,241.28571428571428,221.14285714285714,-19.523809523809522
5061,New Jersey,2020-04-29,116365,6771,-58.0,-54.0,26.0,-21.0,-64.0,329.0,398.0,257.0,-53.42857142857143,-59.57142857142857,24.428571428571427,-23.714285714285715,-67.57142857142857,231.57142857142858,241.28571428571428,-19.619047619047617
5062,New Jersey,2020-04-30,118652,7228,-59.0,-56.0,28.0,-38.0,-67.0,457.0,329.0,231.0,-53.42857142857143,-59.57142857142857,24.285714285714285,-23.571428571428573,-67.42857142857143,257.42857142857144,231.57142857142858,-19.61904761904762
5063,New Jersey,2020-05-01,121190,7538,-56.0,-53.0,27.0,-15.0,-64.0,310.0,457.0,24.0,-53.0,-60.0,24.428571428571427,-26.285714285714285,-67.85714285714286,265.0,257.42857142857144,-20.619047619047617
5064,New Jersey,2020-05-02,123717,7742,-36.0,-50.0,13.0,122.0,-52.0,204.0,310.0,106.0,-52.57142857142857,-59.0,23.857142857142858,-16.428571428571427,-66.42857142857143,261.14285714285717,265.0,-17.19047619047619
5065,New Jersey,2020-05-03,126744,7871,-36.0,-52.0,12.0,93.0,-60.0,129.0,204.0,398.0,-51.42857142857143,-59.714285714285715,24.0,-25.0,-67.28571428571429,276.14285714285717,261.14285714285717,-20.238095238095237
5066,New Jersey,2020-05-04,128269,7910,-55.0,-47.0,23.0,32.0,-62.0,39.0,129.0,329.0,-51.142857142857146,-59.57142857142857,24.0,-26.857142857142858,-67.28571428571429,266.57142857142856,276.14285714285717,-20.80952380952381
5067,New Jersey,2020-05-05,130593,8244,-55.0,-46.0,23.0,31.0,-60.0,334.0,39.0,457.0,-50.714285714285715,-58.285714285714285,22.857142857142858,-18.571428571428573,-66.14285714285714,257.42857142857144,266.57142857142856,-18.0
5068,New Jersey,2020-05-06,131890,8549,-56.0,-52.0,25.0,-21.0,-64.0,305.0,334.0,310.0,-50.42857142857143,-58.0,22.857142857142858,-19.0,-65.85714285714286,254.0,257.42857142857144,-18.047619047619047
5069,New Jersey,2020-05-07,133991,8807,-55.0,-47.0,23.0,65.0,-60.0,258.0,305.0,204.0,-49.857142857142854,-57.714285714285715,23.0,-21.142857142857142,-65.85714285714286,225.57142857142858,254.0,-18.61904761904762
5070,New Jersey,2020-05-08,135840,8960,-54.0,-53.0,27.0,-22.0,-64.0,153.0,258.0,129.0,-49.57142857142857,-56.42857142857143,22.428571428571427,-16.142857142857142,-64.85714285714286,203.14285714285714,225.57142857142858,-16.71428571428571
5071,New Jersey,2020-05-09,137397,9116,-34.0,-50.0,15.0,5.0,-58.0,156.0,153.0,39.0,-49.285714285714285,-55.42857142857143,22.142857142857142,-2.4285714285714284,-64.0,196.28571428571428,203.14285714285714,-11.904761904761907
5072,New Jersey,2020-05-10,138754,9256,-32.0,-47.0,10.0,73.0,-58.0,140.0,156.0,334.0,-48.714285714285715,-53.285714285714285,21.571428571428573,19.285714285714285,-62.142857142857146,197.85714285714286,196.28571428571428,-4.142857142857142
5073,New Jersey,2020-05-11,140206,9340,-53.0,-51.0,23.0,1.0,-63.0,84.0,140.0,305.0,-48.42857142857143,-51.857142857142854,21.142857142857142,28.285714285714285,-61.42857142857143,204.28571428571428,197.85714285714286,-0.809523809523809
5074,New Jersey,2020-05-12,140917,9531,-53.0,-47.0,23.0,34.0,-59.0,191.0,84.0,258.0,-48.142857142857146,-51.142857142857146,21.714285714285715,29.142857142857142,-61.285714285714285,183.85714285714286,204.28571428571428,-0.09523809523809608
5075,New Jersey,2020-05-13,141560,9714,-53.0,-44.0,22.0,61.0,-58.0,183.0,191.0,153.0,-47.714285714285715,-50.857142857142854,21.571428571428573,29.142857142857142,-61.285714285714285,166.42857142857142,183.85714285714286,-0.04761904761904626
5076,New Jersey,2020-05-14,142704,9946,-53.0,-44.0,23.0,66.0,-58.0,232.0,183.0,156.0,-47.42857142857143,-49.57142857142857,20.857142857142858,43.857142857142854,-60.285714285714285,162.71428571428572,166.42857142857142,5.0476190476190474
5077,New Jersey,2020-05-15,143984,10148,-52.0,-45.0,23.0,81.0,-57.0,202.0,232.0,140.0,-47.142857142857146,-49.57142857142857,20.857142857142858,42.857142857142854,-60.285714285714285,169.71428571428572,162.71428571428572,4.714285714285714
5078,New Jersey,2020-05-16,145089,10261,-31.0,-45.0,11.0,146.0,-49.0,113.0,202.0,84.0,-46.714285714285715,-49.57142857142857,21.142857142857142,26.142857142857142,-61.142857142857146,163.57142857142858,169.71428571428572,-0.7619047619047615
5079,New Jersey,2020-05-17,146504,10363,-29.0,-46.0,11.0,100.0,-57.0,102.0,113.0,191.0,-46.285714285714285,-48.857142857142854,20.857142857142858,23.285714285714285,-60.857142857142854,158.14285714285714,163.57142857142858,-1.5714285714285705
5080,New Jersey,2020-05-18,148240,10439,-51.0,-42.0,21.0,42.0,-59.0,76.0,102.0,183.0,-46.0,-49.42857142857143,20.857142857142858,18.857142857142858,-61.0,157.0,158.14285714285714,-3.2380952380952386
5081,New Jersey,2020-05-19,149356,10587,-51.0,-42.0,22.0,41.0,-57.0,148.0,76.0,232.0,-45.714285714285715,-49.57142857142857,20.857142857142858,19.285714285714285,-60.857142857142854,150.85714285714286,157.0,-3.1428571428571423
5082,New Jersey,2020-05-20,150776,10749,-51.0,-41.0,21.0,55.0,-56.0,162.0,148.0,202.0,-45.42857142857143,-48.42857142857143,20.428571428571427,31.0,-60.0,147.85714285714286,150.85714285714286,0.9999999999999988
5083,New Jersey,2020-05-21,151586,10846,-51.0,-39.0,21.0,86.0,-54.0,97.0,162.0,113.0,-45.142857142857146,-48.0,20.428571428571427,31.142857142857142,-59.714285714285715,128.57142857142858,147.85714285714286,1.1904761904761898
5084,New Jersey,2020-05-22,152579,10985,-50.0,-44.0,23.0,41.0,-56.0,139.0,97.0,102.0,-44.857142857142854,-46.857142857142854,19.857142857142858,45.857142857142854,-58.714285714285715,119.57142857142857,128.57142857142858,6.285714285714286
5085,New Jersey,2020-05-23,153140,11082,-29.0,-50.0,14.0,16.0,-56.0,97.0,139.0,76.0,-44.57142857142857,-46.142857142857146,19.285714285714285,66.0,-57.42857142857143,117.28571428571429,119.57142857142857,13.047619047619046
5086,New Jersey,2020-05-24,154154,11138,-27.0,-43.0,8.0,138.0,-52.0,56.0,97.0,148.0,-44.285714285714285,-46.0,19.428571428571427,69.85714285714286,-57.285714285714285,110.71428571428571,117.28571428571429,14.42857142857143
5087,New Jersey,2020-05-25,155092,11147,-76.0,-44.0,26.0,156.0,-65.0,9.0,56.0,162.0,-47.857142857142854,-44.714285714285715,19.142857142857142,75.71428571428571,-56.714285714285715,101.14285714285714,110.71428571428571,16.71428571428571
5088,New Jersey,2020-05-26,155764,11194,-49.0,-39.0,19.0,91.0,-53.0,47.0,9.0,97.0,-47.57142857142857,-44.0,19.0,76.71428571428571,-56.42857142857143,86.71428571428571,101.14285714285714,17.238095238095237
5089,New Jersey,2020-05-27,156628,11339,-49.0,-39.0,20.0,93.0,-52.0,145.0,47.0,139.0,-47.285714285714285,-43.57142857142857,18.857142857142858,75.85714285714286,-56.142857142857146,84.28571428571429,86.71428571428571,17.04761904761905
5090,New Jersey,2020-05-28,157185,11409,-49.0,-42.0,21.0,41.0,-55.0,70.0,145.0,97.0,-47.0,-42.857142857142854,18.571428571428573,78.71428571428571,-55.57142857142857,80.42857142857143,84.28571428571429,18.142857142857142
5091,New Jersey,2020-05-29,158844,11531,-48.0,-43.0,22.0,52.0,-54.0,122.0,70.0,56.0,-46.714285714285715,-42.714285714285715,18.571428571428573,73.0,-55.42857142857143,78.0,80.42857142857143,16.28571428571429
5092,New Jersey,2020-05-30,159608,11634,-17.0,-40.0,9.0,173.0,-42.0,103.0,122.0,9.0,-45.0,-43.42857142857143,19.0,54.42857142857143,-56.42857142857143,78.85714285714286,78.0,10.0
5093,New Jersey,2020-05-31,160445,11698,-18.0,-40.0,8.0,171.0,-46.0,64.0,103.0,47.0,-43.714285714285715,-43.0,18.571428571428573,59.857142857142854,-55.714285714285715,80.0,78.85714285714286,11.80952380952381
5094,New Jersey,2020-06-01,160918,11723,-46.0,-37.0,18.0,84.0,-52.0,25.0,64.0,145.0,-39.42857142857143,-43.285714285714285,19.285714285714285,76.14285714285714,-56.57142857142857,82.28571428571429,80.0,17.38095238095238
5095,New Jersey,2020-06-02,161545,11771,-47.0,-38.0,19.0,68.0,-53.0,48.0,25.0,70.0,-39.142857142857146,-42.857142857142854,18.857142857142858,83.28571428571429,-56.0,82.42857142857143,82.28571428571429,19.761904761904763
5096,New Jersey,2020-06-03,162068,11880,-47.0,-39.0,20.0,57.0,-53.0,109.0,48.0,122.0,-38.857142857142854,-42.57142857142857,18.714285714285715,88.71428571428571,-55.42857142857143,77.28571428571429,82.42857142857143,21.61904761904762
5097,New Jersey,2020-06-04,162530,11970,-47.0,-36.0,19.0,99.0,-51.0,90.0,109.0,103.0,-38.57142857142857,-43.0,18.714285714285715,82.28571428571429,-55.57142857142857,80.14285714285714,77.28571428571429,19.333333333333336
5098,New Jersey,2020-06-05,163336,12049,-46.0,-41.0,21.0,33.0,-53.0,79.0,90.0,64.0,-38.285714285714285,-42.857142857142854,18.571428571428573,83.85714285714286,-55.285714285714285,74.0,80.14285714285714,19.85714285714286
5099,New Jersey,2020-06-06,163893,12106,-17.0,-38.0,8.0,168.0,-41.0,57.0,79.0,25.0,-38.285714285714285,-41.42857142857143,17.857142857142858,106.28571428571429,-53.285714285714285,67.42857142857143,74.0,27.571428571428573
5100,New Jersey,2020-06-07,164164,12176,-17.0,-36.0,6.0,206.0,-44.0,70.0,57.0,48.0,-38.142857142857146,-41.0,17.857142857142858,111.0,-52.42857142857143,68.28571428571429,67.42857142857143,29.28571428571429
5101,New Jersey,2020-06-08,164497,12214,-44.0,-33.0,17.0,121.0,-51.0,38.0,70.0,109.0,-37.857142857142854,-40.0,16.714285714285715,100.71428571428571,-50.57142857142857,70.14285714285714,68.28571428571429,25.809523809523807
5102,New Jersey,2020-06-09,164796,12303,-45.0,-32.0,17.0,122.0,-50.0,89.0,38.0,90.0,-37.57142857142857,-39.857142857142854,16.714285714285715,97.42857142857143,-50.57142857142857,76.0,70.14285714285714,24.761904761904763
5103,New Jersey,2020-06-10,165346,12377,-45.0,-33.0,17.0,113.0,-49.0,74.0,89.0,79.0,-37.285714285714285,-39.857142857142854,16.714285714285715,92.28571428571429,-50.714285714285715,71.0,76.0,23.04761904761905
5104,New Jersey,2020-06-11,165816,12443,-46.0,-37.0,20.0,49.0,-52.0,66.0,74.0,57.0,-37.142857142857146,-39.0,16.428571428571427,100.57142857142857,-50.142857142857146,67.57142857142857,71.0,26.0
5105,New Jersey,2020-06-12,166164,12489,-43.0,-34.0,17.0,132.0,-46.0,46.0,66.0,70.0,-36.714285714285715,-38.714285714285715,16.285714285714285,97.85714285714286,-50.0,62.857142857142854,67.57142857142857,25.142857142857142
5106,New Jersey,2020-06-13,166605,12621,-13.0,-34.0,6.0,232.0,-35.0,132.0,46.0,38.0,-36.142857142857146,-38.42857142857143,16.142857142857142,97.14285714285714,-49.857142857142854,73.57142857142857,62.857142857142854,24.95238095238095
5107,New Jersey,2020-06-14,166881,12659,-13.0,-34.0,6.0,206.0,-42.0,38.0,132.0,89.0,-35.57142857142857,-37.857142857142854,15.857142857142858,102.14285714285714,-49.57142857142857,69.0,73.57142857142857,26.71428571428571
