,CountryOrState,Date,confirmed,deaths,work,retail,residential,parks,transit,dDeaths,dDeaths_1,dDeaths_5,aWork,aRetail,aResidential,aParks,aTransit,adDeaths,adDeaths_1,mob_idx
7078,Tennessee,2020-04-02,3013,36,-42.0,-33.0,16.0,11.0,-31.0,12.0,1.0,1.0,-37.714285714285715,-33.142857142857146,12.857142857142858,5.714285714285714,-25.285714285714285,4.714285714285714,3.0,-4.857142857142858
7079,Tennessee,2020-04-03,3067,41,-44.0,-37.0,18.0,1.0,-35.0,5.0,12.0,1.0,-38.42857142857143,-34.142857142857146,13.285714285714286,14.0,-26.428571428571427,5.0,4.714285714285714,-2.285714285714287
7080,Tennessee,2020-04-04,3322,50,-31.0,-45.0,11.0,6.0,-33.0,9.0,5.0,6.0,-39.142857142857146,-34.857142857142854,13.428571428571429,19.285714285714285,-28.0,6.142857142857143,5.0,-0.714285714285713
7081,Tennessee,2020-04-05,3633,53,-38.0,-43.0,10.0,2.0,-42.0,3.0,9.0,9.0,-39.714285714285715,-34.57142857142857,13.428571428571429,24.142857142857142,-28.714285714285715,6.428571428571429,6.142857142857143,1.000000000000001
7082,Tennessee,2020-04-06,3802,65,-43.0,-35.0,16.0,3.0,-35.0,12.0,3.0,1.0,-40.285714285714285,-34.42857142857143,13.428571428571429,27.857142857142858,-29.428571428571427,7.285714285714286,6.428571428571429,2.285714285714286
7083,Tennessee,2020-04-07,4139,72,-45.0,-36.0,17.0,5.0,-33.0,7.0,12.0,12.0,-40.714285714285715,-34.0,13.571428571428571,27.714285714285715,-29.857142857142858,7.0,7.285714285714286,2.4285714285714284
7084,Tennessee,2020-04-08,4363,80,-45.0,-35.0,17.0,8.0,-32.0,8.0,7.0,5.0,-41.142857142857146,-33.714285714285715,13.714285714285714,23.857142857142858,-30.142857142857142,8.0,7.0,1.2857142857142858
7085,Tennessee,2020-04-09,4634,94,-46.0,-33.0,17.0,0.0,-35.0,14.0,8.0,9.0,-41.714285714285715,-34.0,14.0,17.285714285714285,-30.714285714285715,8.285714285714286,8.0,-0.9047619047619051
7086,Tennessee,2020-04-10,4891,98,-53.0,-36.0,20.0,-5.0,-39.0,4.0,14.0,3.0,-43.0,-34.42857142857143,14.285714285714286,11.714285714285714,-31.428571428571427,8.142857142857142,8.285714285714286,-2.8095238095238106
7087,Tennessee,2020-04-11,5132,106,-33.0,-40.0,10.0,11.0,-36.0,8.0,4.0,12.0,-43.285714285714285,-35.42857142857143,14.571428571428571,5.714285714285714,-32.285714285714285,8.0,8.142857142857142,-5.047619047619048
7088,Tennessee,2020-04-12,5508,106,-47.0,-65.0,13.0,-61.0,-53.0,0.0,8.0,7.0,-44.57142857142857,-36.57142857142857,14.857142857142858,1.0,-33.285714285714285,7.571428571428571,8.0,-6.904761904761904
7089,Tennessee,2020-04-13,5610,109,-44.0,-33.0,17.0,-21.0,-35.0,3.0,0.0,8.0,-44.714285714285715,-37.142857142857146,15.0,0.0,-33.714285714285715,6.285714285714286,7.571428571428571,-7.380952380952382
7090,Tennessee,2020-04-14,5827,124,-43.0,-31.0,16.0,-8.0,-30.0,15.0,3.0,14.0,-44.42857142857143,-37.142857142857146,14.857142857142858,5.0,-33.857142857142854,7.428571428571429,6.285714285714286,-5.761904761904763
7091,Tennessee,2020-04-15,5827,124,-42.0,-21.0,15.0,5.0,-27.0,0.0,15.0,4.0,-44.0,-37.714285714285715,15.0,5.142857142857143,-34.42857142857143,6.285714285714286,7.428571428571429,-5.857142857142858
7092,Tennessee,2020-04-16,6166,136,-42.0,-25.0,15.0,1.0,-31.0,12.0,0.0,8.0,-43.42857142857143,-37.714285714285715,15.142857142857142,3.5714285714285716,-35.0,6.0,6.285714285714286,-6.333333333333333
7093,Tennessee,2020-04-17,6263,141,-42.0,-30.0,16.0,6.0,-33.0,5.0,12.0,0.0,-41.857142857142854,-37.57142857142857,15.428571428571429,2.7142857142857144,-35.57142857142857,6.142857142857143,6.0,-6.4761904761904745
7094,Tennessee,2020-04-18,6589,142,-27.0,-33.0,9.0,2.0,-28.0,1.0,5.0,3.0,-41.0,-36.857142857142854,15.285714285714286,3.4285714285714284,-36.0,5.142857142857143,6.142857142857143,-6.0476190476190474
7095,Tennessee,2020-04-19,7070,148,-36.0,-38.0,10.0,-31.0,-44.0,6.0,1.0,15.0,-39.42857142857143,-40.0,15.714285714285714,-5.571428571428571,-37.57142857142857,6.0,5.142857142857143,-9.95238095238095
7096,Tennessee,2020-04-20,7238,152,-40.0,-25.0,15.0,3.0,-30.0,4.0,6.0,0.0,-38.857142857142854,-39.714285714285715,15.857142857142858,-9.0,-37.57142857142857,6.142857142857143,6.0,-10.952380952380954
7097,Tennessee,2020-04-21,7394,157,-41.0,-24.0,15.0,18.0,-26.0,5.0,4.0,12.0,-38.57142857142857,-39.0,15.714285714285714,-10.857142857142858,-37.142857142857146,4.714285714285714,6.142857142857143,-11.38095238095238
7098,Tennessee,2020-04-22,7394,157,-41.0,-26.0,15.0,10.0,-29.0,0.0,5.0,5.0,-38.42857142857143,-37.0,15.428571428571429,-11.285714285714286,-36.42857142857143,4.714285714285714,4.714285714285714,-10.95238095238095
7099,Tennessee,2020-04-23,8266,171,-42.0,-32.0,18.0,-30.0,-35.0,14.0,0.0,1.0,-38.42857142857143,-35.857142857142854,15.142857142857142,-11.142857142857142,-35.857142857142854,5.0,4.714285714285714,-10.619047619047619
7100,Tennessee,2020-04-24,8728,169,-41.0,-30.0,16.0,5.0,-31.0,-2.0,14.0,6.0,-38.285714285714285,-35.0,14.571428571428571,-9.571428571428571,-35.0,4.0,5.0,-10.0
7101,Tennessee,2020-04-25,9189,177,-28.0,-36.0,10.0,-24.0,-31.0,8.0,-2.0,4.0,-38.42857142857143,-34.0,14.428571428571429,-10.857142857142858,-33.857142857142854,5.0,4.0,-10.142857142857142
7102,Tennessee,2020-04-26,9667,181,-35.0,-34.0,9.0,-33.0,-35.0,4.0,8.0,5.0,-38.285714285714285,-30.142857142857142,14.0,-6.571428571428571,-32.57142857142857,4.714285714285714,5.0,-7.571428571428572
7103,Tennessee,2020-04-27,9918,184,-38.0,-18.0,14.0,18.0,-27.0,3.0,4.0,0.0,-38.0,-29.0,13.714285714285714,-3.142857142857143,-31.857142857142858,4.571428571428571,4.714285714285714,-6.142857142857143
7104,Tennessee,2020-04-28,10052,188,-39.0,-18.0,8.0,28.0,-23.0,4.0,3.0,14.0,-37.714285714285715,-28.0,13.571428571428571,0.5714285714285714,-31.285714285714285,4.428571428571429,4.571428571428571,-4.6190476190476195
7105,Tennessee,2020-04-29,10366,195,-40.0,-20.0,15.0,-10.0,-26.0,7.0,4.0,-2.0,-37.57142857142857,-28.714285714285715,13.571428571428571,1.2857142857142858,-31.571428571428573,5.428571428571429,4.428571428571429,-4.6190476190476195
7106,Tennessee,2020-04-30,10735,199,-39.0,-18.0,14.0,0.0,-25.0,4.0,7.0,8.0,-37.142857142857146,-29.714285714285715,14.0,-3.142857142857143,-32.142857142857146,4.0,5.428571428571429,-6.285714285714286
7107,Tennessee,2020-05-01,11891,204,-38.0,-17.0,13.0,33.0,-22.0,5.0,4.0,4.0,-36.714285714285715,-29.714285714285715,14.0,-3.2857142857142856,-31.857142857142858,5.0,4.0,-6.333333333333333
7108,Tennessee,2020-05-02,12661,209,-22.0,-20.0,5.0,80.0,-13.0,5.0,5.0,3.0,-35.857142857142854,-30.142857142857142,14.142857142857142,-7.0,-32.285714285714285,4.571428571428571,5.0,-7.666666666666667
7109,Tennessee,2020-05-03,13177,210,-28.0,-20.0,5.0,41.0,-26.0,1.0,5.0,4.0,-34.857142857142854,-29.571428571428573,14.0,-7.285714285714286,-31.0,4.142857142857143,4.571428571428571,-7.6190476190476195
7110,Tennessee,2020-05-04,13571,219,-36.0,-10.0,11.0,19.0,-23.0,9.0,1.0,7.0,-34.57142857142857,-28.571428571428573,13.857142857142858,-5.142857142857143,-30.571428571428573,5.0,4.142857142857143,-6.6190476190476195
7111,Tennessee,2020-05-05,13690,226,-36.0,-10.0,12.0,10.0,-20.0,7.0,9.0,4.0,-34.142857142857146,-27.714285714285715,12.857142857142858,-3.7142857142857144,-30.142857142857142,5.428571428571429,5.0,-6.190476190476191
7112,Tennessee,2020-05-06,13938,239,-36.0,-12.0,13.0,5.0,-20.0,13.0,7.0,5.0,-33.57142857142857,-26.857142857142858,12.857142857142858,-6.571428571428571,-29.714285714285715,6.285714285714286,5.428571428571429,-6.857142857142857
7113,Tennessee,2020-05-07,14096,238,-35.0,-12.0,11.0,35.0,-20.0,-1.0,13.0,5.0,-33.0,-24.857142857142858,12.285714285714286,-2.2857142857142856,-28.285714285714285,5.571428571428571,6.285714285714286,-4.9523809523809526
7114,Tennessee,2020-05-08,14441,242,-37.0,-21.0,15.0,-21.0,-26.0,4.0,-1.0,1.0,-32.857142857142854,-23.0,11.857142857142858,1.7142857142857142,-27.0,5.428571428571429,5.571428571428571,-3.142857142857143
7115,Tennessee,2020-05-09,14768,242,-18.0,-13.0,4.0,47.0,-10.0,0.0,4.0,9.0,-32.285714285714285,-20.714285714285715,11.142857142857142,16.571428571428573,-24.428571428571427,4.714285714285714,5.428571428571429,2.3333333333333335
7116,Tennessee,2020-05-10,14985,243,-23.0,-12.0,3.0,50.0,-20.0,1.0,0.0,7.0,-31.571428571428573,-18.714285714285715,10.571428571428571,27.142857142857142,-23.142857142857142,4.714285714285714,4.714285714285714,6.333333333333333
7117,Tennessee,2020-05-11,15544,251,-33.0,-10.0,11.0,26.0,-19.0,8.0,1.0,13.0,-31.142857142857142,-17.571428571428573,10.142857142857142,27.285714285714285,-22.571428571428573,4.571428571428571,4.714285714285714,6.619047619047618
7118,Tennessee,2020-05-12,16111,266,-34.0,-11.0,12.0,22.0,-19.0,15.0,8.0,-1.0,-30.857142857142858,-16.428571428571427,10.714285714285714,24.714285714285715,-22.142857142857142,5.714285714285714,4.571428571428571,6.333333333333333
7119,Tennessee,2020-05-13,16370,273,-34.0,-9.0,12.0,24.0,-18.0,7.0,15.0,4.0,-30.571428571428573,-15.285714285714286,10.428571428571429,26.857142857142858,-21.285714285714285,4.857142857142857,5.714285714285714,7.333333333333333
7120,Tennessee,2020-05-14,16699,287,-34.0,-9.0,10.0,63.0,-17.0,14.0,7.0,0.0,-30.428571428571427,-14.428571428571429,10.0,31.857142857142858,-20.571428571428573,7.0,4.857142857142857,9.142857142857144
7121,Tennessee,2020-05-15,16960,290,-34.0,-13.0,11.0,61.0,-18.0,3.0,14.0,1.0,-30.0,-15.0,10.285714285714286,24.142857142857142,-21.142857142857142,6.857142857142857,7.0,6.476190476190477
7122,Tennessee,2020-05-16,17263,295,-16.0,-14.0,3.0,103.0,-10.0,5.0,3.0,8.0,-29.714285714285715,-14.0,10.142857142857142,19.428571428571427,-20.714285714285715,7.571428571428571,6.857142857142857,5.19047619047619
7123,Tennessee,2020-05-17,17359,298,-22.0,-14.0,5.0,56.0,-20.0,3.0,5.0,15.0,-29.571428571428573,-12.857142857142858,9.857142857142858,20.714285714285715,-19.857142857142858,7.857142857142857,7.571428571428571,5.904761904761905
7124,Tennessee,2020-05-18,18011,301,-32.0,-8.0,11.0,16.0,-21.0,3.0,3.0,7.0,-29.428571428571427,-12.857142857142858,9.857142857142858,21.714285714285715,-19.285714285714285,7.142857142857143,7.857142857142857,6.238095238095238
7125,Tennessee,2020-05-19,18412,305,-32.0,-7.0,11.0,29.0,-17.0,4.0,3.0,14.0,-29.142857142857142,-13.0,9.857142857142858,23.428571428571427,-19.142857142857142,5.571428571428571,7.142857142857143,6.761904761904762
7126,Tennessee,2020-05-20,18412,305,-33.0,-6.0,11.0,32.0,-16.0,0.0,4.0,3.0,-29.0,-12.571428571428571,9.714285714285714,26.142857142857142,-18.857142857142858,4.571428571428571,5.571428571428571,7.761904761904762
7127,Tennessee,2020-05-21,18961,313,-33.0,-6.0,10.0,44.0,-15.0,8.0,0.0,5.0,-28.857142857142858,-12.142857142857142,9.571428571428571,30.142857142857142,-18.428571428571427,3.7142857142857144,4.571428571428571,9.19047619047619
7128,Tennessee,2020-05-22,19394,315,-34.0,-11.0,11.0,43.0,-14.0,2.0,8.0,3.0,-28.857142857142858,-11.0,9.0,41.857142857142854,-17.285714285714285,3.5714285714285716,3.7142857142857144,13.285714285714285
7129,Tennessee,2020-05-23,19785,329,-15.0,-11.0,2.0,119.0,-6.0,14.0,2.0,3.0,-28.714285714285715,-11.142857142857142,8.857142857142858,49.857142857142854,-17.285714285714285,4.857142857142857,3.5714285714285716,15.857142857142856
7130,Tennessee,2020-05-24,20111,336,-23.0,-7.0,2.0,117.0,-18.0,7.0,14.0,4.0,-28.857142857142858,-11.428571428571429,9.142857142857142,50.714285714285715,-17.285714285714285,5.428571428571429,4.857142857142857,16.142857142857142
7131,Tennessee,2020-05-25,20535,338,-68.0,-14.0,18.0,114.0,-28.0,2.0,7.0,0.0,-34.0,-11.142857142857142,9.142857142857142,49.285714285714285,-17.571428571428573,5.285714285714286,5.428571428571429,15.761904761904761
7132,Tennessee,2020-05-26,20895,343,-32.0,-7.0,10.0,54.0,-17.0,5.0,2.0,8.0,-34.0,-10.571428571428571,9.0,50.285714285714285,-17.285714285714285,5.428571428571429,5.285714285714286,16.238095238095237
7133,Tennessee,2020-05-27,21285,353,-31.0,-6.0,11.0,37.0,-17.0,10.0,5.0,2.0,-33.714285714285715,-10.142857142857142,8.857142857142858,51.42857142857143,-17.0,6.857142857142857,5.428571428571429,16.714285714285715
7134,Tennessee,2020-05-28,21679,356,-30.0,-5.0,9.0,50.0,-17.0,3.0,10.0,14.0,-33.285714285714285,-9.714285714285714,8.857142857142858,48.714285714285715,-16.714285714285715,6.142857142857143,6.857142857142857,15.952380952380954
7135,Tennessee,2020-05-29,22063,361,-30.0,-8.0,9.0,67.0,-17.0,5.0,3.0,7.0,-32.714285714285715,-9.428571428571429,8.857142857142858,46.142857142857146,-16.142857142857142,6.571428571428571,6.142857142857143,15.190476190476192
7136,Tennessee,2020-05-30,22566,364,-5.0,-9.0,1.0,133.0,-5.0,3.0,5.0,2.0,-31.285714285714285,-9.0,8.714285714285714,48.42857142857143,-15.571428571428571,5.0,6.571428571428571,16.047619047619047
7137,Tennessee,2020-05-31,22566,364,-14.0,-6.0,2.0,105.0,-13.0,0.0,3.0,5.0,-30.0,-8.0,8.285714285714286,57.142857142857146,-15.285714285714286,4.0,5.0,19.142857142857142
7138,Tennessee,2020-06-01,22566,364,-29.0,1.0,8.0,75.0,-16.0,0.0,0.0,10.0,-24.428571428571427,-8.857142857142858,9.285714285714286,71.14285714285714,-16.285714285714285,3.7142857142857144,4.0,23.857142857142858
7139,Tennessee,2020-06-02,24342,381,-29.0,-1.0,8.0,91.0,-15.0,17.0,0.0,3.0,-24.0,-8.857142857142858,9.142857142857142,74.71428571428571,-16.285714285714285,5.428571428571429,3.7142857142857144,25.0
7140,Tennessee,2020-06-03,24833,388,-30.0,1.0,8.0,84.0,-16.0,7.0,17.0,5.0,-23.857142857142858,-8.857142857142858,9.142857142857142,75.42857142857143,-16.428571428571427,5.0,5.428571428571429,25.23809523809524
7141,Tennessee,2020-06-04,25190,401,-30.0,-3.0,9.0,61.0,-16.0,13.0,7.0,3.0,-23.857142857142858,-8.714285714285714,9.0,76.28571428571429,-16.714285714285715,6.428571428571429,5.0,25.52380952380953
7142,Tennessee,2020-06-05,25664,408,-30.0,-8.0,9.0,69.0,-16.0,7.0,13.0,0.0,-23.857142857142858,-8.285714285714286,8.714285714285714,79.71428571428571,-17.142857142857142,6.714285714285714,6.428571428571429,26.71428571428571
7143,Tennessee,2020-06-06,26177,417,-8.0,-8.0,1.0,140.0,-6.0,9.0,7.0,0.0,-24.285714285714285,-8.0,8.571428571428571,81.71428571428571,-17.0,7.571428571428571,6.714285714285714,27.428571428571427
7144,Tennessee,2020-06-07,26493,418,-16.0,-5.0,2.0,102.0,-13.0,1.0,9.0,17.0,-24.571428571428573,-7.857142857142857,8.571428571428571,80.0,-16.285714285714285,7.714285714285714,7.571428571428571,26.9047619047619
7145,Tennessee,2020-06-08,27005,421,-29.0,-4.0,9.0,62.0,-16.0,3.0,1.0,7.0,-24.571428571428573,-5.714285714285714,7.142857142857143,74.42857142857143,-14.571428571428571,8.142857142857142,7.714285714285714,25.28571428571429
7146,Tennessee,2020-06-09,27575,435,-29.0,-3.0,9.0,65.0,-16.0,14.0,3.0,13.0,-24.571428571428573,-4.857142857142857,6.857142857142857,79.71428571428571,-14.285714285714286,7.714285714285714,8.142857142857142,27.238095238095237
7147,Tennessee,2020-06-10,27930,437,-29.0,0.0,8.0,79.0,-14.0,2.0,14.0,7.0,-24.428571428571427,-3.857142857142857,6.428571428571429,86.42857142857143,-14.142857142857142,7.0,7.714285714285714,29.666666666666668
7148,Tennessee,2020-06-11,28340,441,-29.0,0.0,7.0,99.0,-11.0,4.0,2.0,9.0,-24.285714285714285,-3.5714285714285716,6.428571428571429,88.0,-14.0,5.714285714285714,7.0,30.28571428571429
7149,Tennessee,2020-06-12,29118,466,-29.0,-5.0,7.0,107.0,-10.0,25.0,4.0,1.0,-24.142857142857142,-3.5714285714285716,6.428571428571429,88.28571428571429,-13.857142857142858,8.285714285714286,5.714285714285714,30.380952380952383
7150,Tennessee,2020-06-13,29549,472,-5.0,-6.0,0.0,163.0,-1.0,6.0,25.0,3.0,-23.714285714285715,-3.4285714285714284,6.428571428571429,89.28571428571429,-14.0,7.857142857142857,8.285714285714286,30.761904761904763
7151,Tennessee,2020-06-14,30343,474,-14.0,-4.0,2.0,98.0,-9.0,2.0,6.0,14.0,-23.428571428571427,-3.2857142857142856,6.428571428571429,88.85714285714286,-14.0,8.0,7.857142857142857,30.666666666666668
