,CountryOrState,Date,confirmed,deaths,work,retail,residential,parks,transit,dDeaths,dDeaths_1,dDeaths_5,aWork,aRetail,aResidential,aParks,aTransit,adDeaths,adDeaths_1,mob_idx
4013,Minnesota,2020-04-03,788,22,-51.0,-50.0,27.0,-39.0,-61.0,4.0,1.0,4.0,-46.57142857142857,-41.57142857142857,17.571428571428573,24.142857142857142,-50.142857142857146,2.5714285714285716,2.2857142857142856,0.047619047619048636
4014,Minnesota,2020-04-04,865,24,-35.0,-51.0,16.0,12.0,-55.0,2.0,4.0,1.0,-46.285714285714285,-43.857142857142854,18.285714285714285,18.571428571428573,-53.142857142857146,2.7142857142857144,2.5714285714285716,-2.333333333333332
4015,Minnesota,2020-04-05,935,29,-37.0,-46.0,12.0,98.0,-58.0,5.0,2.0,2.0,-46.142857142857146,-45.285714285714285,18.714285714285715,13.714285714285714,-55.142857142857146,2.857142857142857,2.7142857142857144,-4.285714285714286
4016,Minnesota,2020-04-06,986,30,-50.0,-43.0,21.0,35.0,-58.0,1.0,5.0,5.0,-46.285714285714285,-46.0,19.142857142857142,22.714285714285715,-55.714285714285715,2.857142857142857,2.857142857142857,-1.3809523809523807
4017,Minnesota,2020-04-07,1069,34,-51.0,-41.0,21.0,105.0,-54.0,4.0,1.0,1.0,-46.42857142857143,-46.142857142857146,19.285714285714285,30.857142857142858,-56.0,3.142857142857143,2.857142857142857,1.3333333333333321
4018,Minnesota,2020-04-08,1154,39,-51.0,-42.0,22.0,31.0,-57.0,5.0,4.0,4.0,-46.57142857142857,-46.714285714285715,19.571428571428573,39.42857142857143,-56.142857142857146,3.142857142857143,3.142857142857143,4.095238095238096
4019,Minnesota,2020-04-09,1240,50,-52.0,-45.0,24.0,-14.0,-60.0,11.0,5.0,2.0,-46.714285714285715,-48.0,20.142857142857142,35.142857142857146,-57.0,4.571428571428571,3.142857142857143,2.4285714285714293
4020,Minnesota,2020-04-10,1336,57,-54.0,-41.0,25.0,34.0,-57.0,7.0,11.0,5.0,-47.142857142857146,-49.42857142857143,21.0,21.714285714285715,-58.42857142857143,5.0,4.571428571428571,-2.2380952380952386
4021,Minnesota,2020-04-11,1427,64,-36.0,-44.0,14.0,50.0,-51.0,7.0,7.0,1.0,-47.285714285714285,-47.42857142857143,20.571428571428573,29.714285714285715,-57.142857142857146,5.714285714285714,5.0,0.9523809523809526
4022,Minnesota,2020-04-12,1621,70,-49.0,-77.0,15.0,-48.0,-71.0,6.0,7.0,4.0,-49.0,-45.714285714285715,20.285714285714285,46.0,-56.285714285714285,5.857142857142857,5.714285714285714,6.857142857142857
4023,Minnesota,2020-04-13,1621,70,-50.0,-45.0,22.0,-22.0,-60.0,0.0,6.0,5.0,-49.0,-45.57142857142857,20.428571428571427,37.0,-56.57142857142857,5.714285714285714,5.857142857142857,3.9523809523809526
4024,Minnesota,2020-04-14,1695,79,-49.0,-45.0,23.0,-18.0,-58.0,9.0,0.0,11.0,-48.714285714285715,-45.42857142857143,20.428571428571427,40.714285714285715,-56.857142857142854,6.428571428571429,5.714285714285714,5.238095238095237
4025,Minnesota,2020-04-15,1809,87,-49.0,-38.0,22.0,1.0,-55.0,8.0,9.0,7.0,-48.42857142857143,-45.57142857142857,20.428571428571427,38.142857142857146,-57.285714285714285,6.857142857142857,6.428571428571429,4.333333333333335
4026,Minnesota,2020-04-16,1809,87,-49.0,-40.0,23.0,22.0,-56.0,0.0,8.0,7.0,-48.0,-45.42857142857143,20.428571428571427,32.57142857142857,-57.57142857142857,5.285714285714286,6.857142857142857,2.523809523809522
4027,Minnesota,2020-04-17,2070,111,-48.0,-40.0,23.0,37.0,-53.0,24.0,0.0,6.0,-47.142857142857146,-44.142857142857146,20.142857142857142,43.0,-57.0,7.714285714285714,5.285714285714286,6.333333333333332
4028,Minnesota,2020-04-18,2209,121,-31.0,-43.0,13.0,66.0,-48.0,10.0,24.0,0.0,-46.42857142857143,-43.142857142857146,19.857142857142858,48.42857142857143,-56.42857142857143,8.142857142857142,7.714285714285714,8.380952380952381
4029,Minnesota,2020-04-19,2356,134,-34.0,-39.0,10.0,92.0,-55.0,13.0,10.0,9.0,-44.285714285714285,-47.57142857142857,20.285714285714285,27.571428571428573,-58.285714285714285,9.142857142857142,8.142857142857142,0.09523809523809608
4030,Minnesota,2020-04-20,2470,143,-48.0,-38.0,20.0,22.0,-57.0,9.0,13.0,8.0,-44.0,-47.857142857142854,20.428571428571427,19.428571428571427,-58.57142857142857,10.428571428571429,9.142857142857142,-2.6666666666666665
4031,Minnesota,2020-04-21,2567,160,-48.0,-36.0,21.0,48.0,-53.0,17.0,9.0,0.0,-43.857142857142854,-48.42857142857143,20.714285714285715,1.8571428571428572,-59.142857142857146,11.571428571428571,10.428571428571429,-8.619047619047619
4032,Minnesota,2020-04-22,2722,179,-49.0,-33.0,19.0,134.0,-49.0,19.0,17.0,24.0,-43.857142857142854,-47.857142857142854,20.714285714285715,-2.4285714285714284,-58.857142857142854,13.142857142857142,11.571428571428571,-9.857142857142856
4033,Minnesota,2020-04-23,2942,200,-48.0,-38.0,21.0,59.0,-53.0,21.0,19.0,10.0,-43.714285714285715,-47.142857142857146,20.571428571428573,2.7142857142857144,-58.285714285714285,16.142857142857142,13.142857142857142,-7.9523809523809526
4034,Minnesota,2020-04-24,3185,221,-48.0,-38.0,21.0,75.0,-52.0,21.0,21.0,13.0,-43.714285714285715,-47.0,20.285714285714285,3.142857142857143,-57.714285714285715,15.714285714285714,16.142857142857142,-7.857142857142858
4035,Minnesota,2020-04-25,3446,244,-30.0,-40.0,11.0,92.0,-45.0,23.0,21.0,9.0,-43.57142857142857,-46.857142857142854,20.142857142857142,5.428571428571429,-57.285714285714285,17.571428571428573,15.714285714285714,-7.095238095238095
4036,Minnesota,2020-04-26,3602,272,-33.0,-35.0,8.0,121.0,-52.0,28.0,23.0,17.0,-43.42857142857143,-41.42857142857143,19.428571428571427,25.428571428571427,-55.0,19.714285714285715,17.571428571428573,1.1428571428571412
4037,Minnesota,2020-04-27,3811,286,-47.0,-29.0,18.0,122.0,-50.0,14.0,28.0,19.0,-43.285714285714285,-40.42857142857143,19.142857142857142,31.714285714285715,-54.57142857142857,20.428571428571427,19.714285714285715,3.476190476190476
4038,Minnesota,2020-04-28,4181,301,-49.0,-37.0,15.0,-1.0,-56.0,15.0,14.0,21.0,-43.42857142857143,-39.142857142857146,18.857142857142858,41.142857142857146,-53.857142857142854,20.142857142857142,20.428571428571427,6.9523809523809526
4039,Minnesota,2020-04-29,4644,319,-48.0,-31.0,19.0,74.0,-49.0,18.0,15.0,21.0,-43.285714285714285,-38.42857142857143,18.428571428571427,60.142857142857146,-53.0,20.0,20.142857142857142,13.38095238095238
4040,Minnesota,2020-04-30,5136,343,-48.0,-30.0,18.0,127.0,-47.0,24.0,18.0,23.0,-43.285714285714285,-38.142857142857146,18.142857142857142,65.42857142857143,-52.57142857142857,20.428571428571427,20.0,15.142857142857144
4041,Minnesota,2020-05-01,5730,370,-47.0,-32.0,19.0,79.0,-46.0,27.0,24.0,28.0,-43.142857142857146,-37.857142857142854,17.857142857142858,70.85714285714286,-52.42857142857143,21.285714285714285,20.428571428571427,16.952380952380953
4042,Minnesota,2020-05-02,6232,394,-29.0,-35.0,9.0,112.0,-39.0,24.0,27.0,14.0,-43.0,-37.42857142857143,17.571428571428573,74.57142857142857,-52.0,21.428571428571427,21.285714285714285,18.238095238095237
4043,Minnesota,2020-05-03,6663,418,-29.0,-28.0,6.0,156.0,-45.0,24.0,24.0,15.0,-42.42857142857143,-36.857142857142854,17.285714285714285,78.71428571428571,-51.57142857142857,20.857142857142858,21.428571428571427,19.71428571428571
4044,Minnesota,2020-05-04,7234,427,-45.0,-27.0,17.0,76.0,-49.0,9.0,24.0,18.0,-42.142857142857146,-35.57142857142857,17.0,93.0,-50.57142857142857,20.142857142857142,20.857142857142858,24.80952380952381
4045,Minnesota,2020-05-05,7851,455,-46.0,-27.0,19.0,67.0,-47.0,28.0,9.0,24.0,-41.714285714285715,-35.714285714285715,16.142857142857142,86.0,-51.0,22.0,20.142857142857142,22.142857142857142
4046,Minnesota,2020-05-06,8579,485,-46.0,-27.0,18.0,119.0,-45.0,30.0,28.0,27.0,-41.42857142857143,-35.42857142857143,16.142857142857142,77.42857142857143,-51.0,23.714285714285715,22.0,19.38095238095238
4047,Minnesota,2020-05-07,9365,508,-46.0,-30.0,19.0,88.0,-48.0,23.0,30.0,24.0,-41.142857142857146,-34.285714285714285,15.714285714285714,87.14285714285714,-50.142857142857146,23.571428571428573,23.714285714285715,22.857142857142858
4048,Minnesota,2020-05-08,10088,534,-46.0,-31.0,19.0,65.0,-47.0,26.0,23.0,24.0,-41.0,-33.42857142857143,15.428571428571429,87.71428571428571,-49.285714285714285,23.428571428571427,23.571428571428573,23.238095238095237
4049,Minnesota,2020-05-09,10790,558,-28.0,-36.0,11.0,39.0,-46.0,24.0,26.0,9.0,-40.857142857142854,-32.714285714285715,15.142857142857142,90.57142857142857,-48.42857142857143,23.428571428571427,23.428571428571427,24.333333333333332
4050,Minnesota,2020-05-10,11271,578,-28.0,-30.0,7.0,41.0,-51.0,20.0,24.0,28.0,-40.714285714285715,-31.714285714285715,14.857142857142858,95.57142857142857,-47.42857142857143,22.857142857142858,23.428571428571427,26.238095238095237
4051,Minnesota,2020-05-11,11799,591,-44.0,-30.0,17.0,99.0,-49.0,13.0,20.0,30.0,-40.57142857142857,-31.428571428571427,14.714285714285714,89.0,-47.285714285714285,23.428571428571427,22.857142857142858,24.09523809523809
4052,Minnesota,2020-05-12,12494,614,-45.0,-28.0,17.0,127.0,-46.0,23.0,13.0,23.0,-40.42857142857143,-30.0,15.285714285714286,98.71428571428571,-46.0,22.714285714285715,23.428571428571427,28.0
4053,Minnesota,2020-05-13,12917,638,-45.0,-30.0,19.0,39.0,-50.0,24.0,23.0,26.0,-40.285714285714285,-29.428571428571427,15.142857142857142,105.14285714285714,-45.42857142857143,21.857142857142858,22.714285714285715,30.28571428571429
4054,Minnesota,2020-05-14,13435,672,-45.0,-30.0,17.0,126.0,-48.0,34.0,24.0,24.0,-40.142857142857146,-29.428571428571427,15.285714285714286,99.57142857142857,-45.57142857142857,23.428571428571427,21.857142857142858,28.476190476190478
4055,Minnesota,2020-05-15,14240,692,-45.0,-30.0,16.0,154.0,-46.0,20.0,34.0,20.0,-40.0,-29.285714285714285,15.285714285714286,97.57142857142857,-45.714285714285715,22.571428571428573,23.428571428571427,27.857142857142858
4056,Minnesota,2020-05-16,14969,709,-26.0,-38.0,10.0,54.0,-49.0,17.0,20.0,13.0,-39.714285714285715,-29.428571428571427,15.571428571428571,87.14285714285714,-46.714285714285715,21.571428571428573,22.571428571428573,24.428571428571427
4057,Minnesota,2020-05-17,15668,731,-28.0,-39.0,9.0,5.0,-58.0,22.0,17.0,23.0,-39.714285714285715,-29.714285714285715,15.714285714285714,70.71428571428571,-47.57142857142857,21.857142857142858,21.571428571428573,18.9047619047619
4058,Minnesota,2020-05-18,16372,740,-42.0,-23.0,15.0,99.0,-50.0,9.0,22.0,24.0,-39.42857142857143,-30.142857142857142,15.714285714285714,74.0,-47.57142857142857,21.285714285714285,21.857142857142858,19.857142857142858
4059,Minnesota,2020-05-19,17029,757,-43.0,-21.0,15.0,157.0,-46.0,17.0,9.0,34.0,-39.142857142857146,-30.285714285714285,15.428571428571429,82.57142857142857,-47.42857142857143,20.428571428571427,21.285714285714285,22.57142857142857
4060,Minnesota,2020-05-20,17670,786,-43.0,-19.0,15.0,175.0,-43.0,29.0,17.0,20.0,-38.857142857142854,-30.714285714285715,15.571428571428571,71.14285714285714,-48.142857142857146,21.142857142857142,20.428571428571427,18.666666666666664
4061,Minnesota,2020-05-21,18200,818,-44.0,-23.0,16.0,115.0,-46.0,32.0,29.0,17.0,-38.714285714285715,-30.714285714285715,15.285714285714286,76.57142857142857,-48.142857142857146,20.857142857142858,21.142857142857142,20.38095238095238
4062,Minnesota,2020-05-22,19005,851,-45.0,-26.0,15.0,121.0,-45.0,33.0,32.0,22.0,-38.714285714285715,-30.571428571428573,14.857142857142858,89.28571428571429,-48.0,22.714285714285715,20.857142857142858,24.52380952380953
4063,Minnesota,2020-05-23,19845,861,-23.0,-35.0,8.0,88.0,-43.0,10.0,33.0,9.0,-38.285714285714285,-30.857142857142858,14.714285714285714,91.42857142857143,-48.42857142857143,21.714285714285715,22.714285714285715,25.09523809523809
4064,Minnesota,2020-05-24,20573,878,-25.0,-26.0,4.0,196.0,-47.0,17.0,10.0,17.0,-37.857142857142854,-32.142857142857146,15.0,86.28571428571429,-49.42857142857143,21.0,21.714285714285715,23.047619047619047
4065,Minnesota,2020-05-25,21315,890,-78.0,-26.0,20.0,189.0,-56.0,12.0,17.0,29.0,-43.0,-31.142857142857142,14.714285714285714,86.28571428571429,-49.57142857142857,21.428571428571427,21.0,23.28571428571429
4066,Minnesota,2020-05-26,21960,908,-43.0,-24.0,16.0,74.0,-46.0,18.0,12.0,32.0,-43.0,-30.142857142857142,14.428571428571429,90.57142857142857,-49.57142857142857,21.571428571428573,21.428571428571427,24.952380952380953
4067,Minnesota,2020-05-27,22464,942,-41.0,-19.0,15.0,149.0,-43.0,34.0,18.0,33.0,-42.714285714285715,-28.571428571428573,13.857142857142858,110.0,-48.57142857142857,22.285714285714285,21.571428571428573,31.76190476190476
4068,Minnesota,2020-05-28,22947,977,-41.0,-24.0,15.0,130.0,-40.0,35.0,34.0,10.0,-42.285714285714285,-27.571428571428573,13.714285714285714,108.42857142857143,-48.285714285714285,22.714285714285715,22.285714285714285,31.523809523809522
4069,Minnesota,2020-05-29,23531,1006,-43.0,-30.0,16.0,102.0,-47.0,29.0,35.0,17.0,-42.0,-27.0,13.571428571428571,103.71428571428571,-48.142857142857146,22.142857142857142,22.714285714285715,30.09523809523809
4070,Minnesota,2020-05-30,24190,1036,-15.0,-35.0,7.0,114.0,-39.0,30.0,29.0,12.0,-40.857142857142854,-26.571428571428573,13.285714285714286,108.57142857142857,-47.285714285714285,25.0,22.142857142857142,31.76190476190476
4071,Minnesota,2020-05-31,24850,1050,-16.0,-26.0,3.0,188.0,-41.0,14.0,30.0,18.0,-39.57142857142857,-24.714285714285715,12.571428571428571,135.85714285714286,-45.714285714285715,24.571428571428573,25.0,41.23809523809524
4072,Minnesota,2020-06-01,25208,1060,-40.0,-13.0,13.0,119.0,-50.0,10.0,14.0,34.0,-34.142857142857146,-25.142857142857142,13.285714285714286,148.71428571428572,-46.57142857142857,24.285714285714285,24.571428571428573,45.61904761904762
4073,Minnesota,2020-06-02,25508,1082,-40.0,-19.0,15.0,84.0,-52.0,22.0,10.0,35.0,-33.714285714285715,-25.571428571428573,13.428571428571429,136.85714285714286,-46.57142857142857,24.857142857142858,24.285714285714285,41.57142857142858
4074,Minnesota,2020-06-03,25870,1097,-39.0,-10.0,13.0,165.0,-43.0,15.0,22.0,29.0,-33.42857142857143,-25.571428571428573,13.428571428571429,133.14285714285714,-46.57142857142857,22.142857142857142,24.857142857142858,40.333333333333336
4075,Minnesota,2020-06-04,26273,1126,-39.0,-15.0,13.0,145.0,-43.0,29.0,15.0,30.0,-33.142857142857146,-25.714285714285715,13.285714285714286,135.28571428571428,-45.714285714285715,21.285714285714285,22.142857142857142,40.95238095238095
4076,Minnesota,2020-06-05,26980,1159,-39.0,-17.0,12.0,172.0,-41.0,33.0,29.0,14.0,-32.57142857142857,-26.285714285714285,13.428571428571429,132.57142857142858,-46.0,21.857142857142858,21.285714285714285,39.904761904761905
4077,Minnesota,2020-06-06,27501,1181,-11.0,-26.0,5.0,132.0,-37.0,22.0,33.0,10.0,-32.0,-26.285714285714285,13.285714285714286,136.28571428571428,-45.42857142857143,20.714285714285715,21.857142857142858,41.095238095238095
4078,Minnesota,2020-06-07,27886,1197,-14.0,-16.0,2.0,189.0,-40.0,16.0,22.0,22.0,-31.714285714285715,-26.285714285714285,13.142857142857142,135.14285714285714,-44.57142857142857,21.0,20.714285714285715,40.666666666666664
4079,Minnesota,2020-06-08,28224,1208,-38.0,-12.0,12.0,138.0,-44.0,11.0,16.0,15.0,-31.428571428571427,-24.428571428571427,12.142857142857142,125.14285714285714,-43.714285714285715,21.142857142857142,21.0,37.61904761904762
4080,Minnesota,2020-06-09,28523,1228,-39.0,-16.0,15.0,74.0,-46.0,20.0,11.0,29.0,-31.285714285714285,-23.714285714285715,12.0,126.57142857142857,-44.57142857142857,20.857142857142858,21.142857142857142,38.285714285714285
4081,Minnesota,2020-06-10,28869,1267,-38.0,-7.0,13.0,123.0,-40.0,39.0,20.0,33.0,-31.142857142857142,-22.428571428571427,11.714285714285714,128.85714285714286,-44.57142857142857,24.285714285714285,20.857142857142858,39.38095238095239
4082,Minnesota,2020-06-11,29316,1280,-38.0,-10.0,12.0,179.0,-38.0,13.0,39.0,22.0,-31.0,-21.142857142857142,11.428571428571429,131.0,-45.0,22.0,24.285714285714285,40.42857142857143
4083,Minnesota,2020-06-12,29795,1305,-38.0,-13.0,10.0,189.0,-36.0,25.0,13.0,16.0,-30.857142857142858,-19.285714285714285,10.857142857142858,141.0,-44.142857142857146,20.857142857142858,22.0,44.1904761904762
4084,Minnesota,2020-06-13,30172,1314,-7.0,-19.0,3.0,162.0,-27.0,9.0,25.0,11.0,-30.285714285714285,-18.0,10.571428571428571,143.57142857142858,-43.857142857142854,19.0,20.857142857142858,45.38095238095239
4085,Minnesota,2020-06-14,30471,1329,-10.0,-10.0,0.0,216.0,-34.0,15.0,9.0,20.0,-29.714285714285715,-16.571428571428573,10.428571428571429,143.71428571428572,-43.714285714285715,18.857142857142858,19.0,45.85714285714286
